Tempo (s),Temp Atual (C),Temp Desejada (C),PWM
0.034,28.16,30.00,55
0.304,28.16,30.00,55
0.572,28.16,30.00,55
0.841,28.16,30.00,55
1.110,28.16,30.00,55
1.379,28.16,30.00,55
1.647,28.16,30.00,55
1.916,28.16,30.00,55
2.186,28.16,30.00,55
2.454,28.16,30.00,55
2.723,28.16,30.00,55
2.992,28.16,30.00,55
3.261,28.16,30.00,55
3.529,28.16,30.00,55
3.799,28.16,30.00,55
4.068,28.16,30.00,55
4.336,28.16,30.00,55
4.605,28.16,30.00,55
4.874,28.16,30.00,55
5.143,28.16,30.00,55
5.411,28.16,30.00,55
5.681,28.16,30.00,55
5.950,28.16,30.00,55
6.218,28.16,30.00,55
6.488,28.16,30.00,55
6.756,28.16,30.00,55
7.025,28.16,30.00,55
7.293,28.16,30.00,55
7.563,28.16,30.00,55
7.832,28.16,30.00,55
8.100,28.16,30.00,55
8.370,28.16,30.00,55
8.638,28.16,30.00,55
8.907,28.07,30.00,57
9.176,28.43,30.00,47
9.445,28.16,30.00,55
9.713,28.16,30.00,55
9.982,28.16,30.00,55
10.252,28.16,30.00,55
10.520,28.16,30.00,55
10.789,28.07,30.00,57
11.059,28.25,30.00,52
11.327,28.16,30.00,55
11.596,28.16,30.00,55
11.866,28.16,30.00,55
12.134,28.16,30.00,55
12.403,28.16,30.00,55
12.673,28.16,30.00,55
12.941,27.98,30.00,60
13.210,28.16,30.00,55
13.479,28.16,30.00,55
13.748,28.16,30.00,55
14.017,28.16,30.00,55
14.286,28.16,30.00,55
14.555,28.16,30.00,55
14.824,28.07,30.00,57
15.093,28.07,30.00,57
15.362,28.16,30.00,55
15.631,28.16,30.00,55
15.900,28.16,30.00,55
16.168,28.61,30.00,41
16.438,28.16,30.00,55
16.707,28.16,30.00,55
16.975,28.07,30.00,57
17.245,28.16,30.00,55
17.514,28.16,30.00,55
17.782,28.16,30.00,55
18.052,28.25,30.00,52
18.321,28.16,30.00,55
18.589,28.16,30.00,55
18.859,28.07,30.00,57
19.128,28.16,30.00,55
19.396,28.16,30.00,55
19.665,28.16,30.00,55
19.935,27.80,30.00,65
20.203,28.16,30.00,55
20.472,28.16,30.00,55
20.742,28.07,30.00,57
21.010,28.16,30.00,55
21.279,28.16,30.00,55
21.549,28.16,30.00,55
21.817,28.25,30.00,52
22.086,28.16,30.00,55
22.355,28.16,30.00,55
22.624,28.16,30.00,55
22.893,28.16,30.00,55
23.162,28.16,30.00,55
23.431,28.16,30.00,55
23.700,28.25,30.00,52
23.969,28.16,30.00,55
24.238,28.16,30.00,55
24.507,28.16,30.00,55
24.776,28.07,30.00,57
25.044,28.16,30.00,55
25.314,28.16,30.00,55
25.583,28.16,30.00,55
25.851,28.16,30.00,55
26.121,28.16,30.00,55
26.390,28.16,30.00,55
26.658,28.07,30.00,57
26.928,28.34,30.00,49
27.197,28.16,30.00,55
27.465,28.16,30.00,55
27.735,28.16,30.00,55
28.004,28.16,30.00,55
28.272,28.16,30.00,55
28.541,28.16,30.00,55
28.811,28.16,30.00,55
29.079,28.16,30.00,55
29.348,28.16,30.00,55
29.618,28.16,30.00,55
29.886,28.16,30.00,55
30.155,28.16,30.00,55
30.425,28.16,30.00,55
30.693,28.25,30.00,52
30.962,28.16,30.00,55
31.232,28.16,30.00,55
31.500,28.16,30.00,55
31.769,28.16,30.00,55
32.038,28.16,30.00,55
32.307,28.16,30.00,55
32.576,28.16,30.00,55
32.845,28.16,30.00,55
33.114,28.16,30.00,55
33.383,28.16,30.00,55
33.652,28.16,30.00,55
33.921,28.16,30.00,55
34.190,28.07,30.00,57
34.459,28.07,30.00,57
34.727,28.16,30.00,55
34.997,28.16,30.00,55
35.266,28.16,30.00,55
35.534,28.25,30.00,52
35.804,28.43,30.00,47
36.073,28.16,30.00,55
36.341,28.16,30.00,55
36.611,28.07,30.00,57
36.880,28.16,30.00,55
37.148,28.16,30.00,55
37.417,28.16,30.00,55
37.687,28.07,30.00,57
37.955,28.16,30.00,55
38.224,28.16,30.00,55
38.494,28.16,30.00,55
38.762,28.16,30.00,55
39.031,28.25,30.00,52
39.301,28.16,30.00,55
39.569,28.16,30.00,55
39.838,28.16,30.00,55
40.108,28.16,30.00,55
40.376,28.16,30.00,55
40.645,28.16,30.00,55
40.914,28.16,30.00,55
41.183,28.16,30.00,55
41.452,28.16,30.00,55
41.721,28.16,30.00,55
41.990,28.16,30.00,55
42.259,28.16,30.00,55
42.528,28.16,30.00,55
42.797,28.16,30.00,55
43.066,28.16,30.00,55
43.335,28.16,30.00,55
43.603,28.16,30.00,55
43.873,28.16,30.00,55
44.141,28.16,30.00,55
44.410,28.16,30.00,55
44.680,28.07,30.00,57
44.948,28.16,30.00,55
45.217,28.16,30.00,55
45.487,28.16,30.00,55
45.755,28.25,30.00,52
46.024,28.61,30.00,41
46.294,28.16,30.00,55
46.562,28.16,30.00,55
46.831,28.16,30.00,55
47.100,28.16,30.00,55
47.369,28.16,30.00,55
47.638,28.16,30.00,55
47.907,27.62,30.00,71
48.176,28.16,30.00,55
48.445,28.16,30.00,55
48.714,28.16,30.00,55
48.983,28.16,30.00,55
49.252,28.16,30.00,55
49.521,28.07,30.00,57
49.789,28.16,30.00,55
50.059,28.16,30.00,55
50.328,28.16,30.00,55
50.596,28.16,30.00,55
50.866,28.16,30.00,55
51.135,28.16,30.00,55
51.403,28.25,30.00,52
51.673,28.25,30.00,52
51.942,28.16,30.00,55
52.210,28.16,30.00,55
52.480,28.16,30.00,55
52.749,28.16,30.00,55
53.017,28.16,30.00,55
53.286,28.25,30.00,52
53.556,28.16,30.00,55
53.824,28.25,30.00,52
54.093,28.16,30.00,55
54.363,28.16,30.00,55
54.631,28.16,30.00,55
54.900,28.07,30.00,57
55.170,28.16,30.00,55
55.438,28.16,30.00,55
55.707,28.25,30.00,52
55.976,28.16,30.00,55
56.245,28.16,30.00,55
56.514,28.16,30.00,55
56.783,28.16,30.00,55
57.052,28.16,30.00,55
57.321,28.16,30.00,55
57.590,28.16,30.00,55
57.859,28.25,30.00,52
58.128,28.16,30.00,55
58.396,28.16,30.00,55
58.665,28.16,30.00,55
58.935,28.16,30.00,55
59.203,28.16,30.00,55
59.472,28.16,30.00,55
59.742,28.25,30.00,52
60.010,28.16,30.00,55
60.279,28.16,30.00,55
60.549,28.16,30.00,55
60.817,28.16,30.00,55
61.086,28.25,30.00,52
61.356,28.16,30.00,55
61.624,28.16,30.00,55
61.893,28.71,30.00,38
62.162,28.16,30.00,55
62.431,28.16,30.00,55
62.700,28.16,30.00,55
62.969,28.16,30.00,55
63.238,28.16,30.00,55
63.507,28.25,30.00,52
63.776,28.25,30.00,52
64.045,28.25,30.00,52
64.314,28.25,30.00,52
64.583,28.16,30.00,55
64.851,28.16,30.00,55
65.121,28.61,30.00,41
65.390,28.25,30.00,52
65.658,28.16,30.00,55
65.928,28.25,30.00,52
66.197,28.25,30.00,52
66.465,28.16,30.00,55
66.735,28.16,30.00,55
67.004,27.80,30.00,65
67.272,28.16,30.00,55
67.542,28.25,30.00,52
67.811,28.25,30.00,52
68.079,28.25,30.00,52
68.348,28.25,30.00,52
68.618,28.25,30.00,52
68.886,28.16,30.00,55
69.155,27.89,30.00,63
69.425,28.25,30.00,52
69.693,28.25,30.00,52
69.962,28.25,30.00,52
70.232,28.25,30.00,52
70.500,28.16,30.00,55
70.769,28.25,30.00,52
71.038,28.16,30.00,55
71.307,28.25,30.00,52
71.576,28.25,30.00,52
71.845,28.25,30.00,52
72.114,28.25,30.00,52
72.383,28.25,30.00,52
72.652,28.25,30.00,52
72.921,28.16,30.00,55
73.190,28.16,30.00,55
73.459,28.25,30.00,52
73.728,28.25,30.00,52
73.997,28.16,30.00,55
74.266,28.52,30.00,44
74.534,28.25,30.00,52
74.804,28.25,30.00,52
75.073,28.16,30.00,55
75.341,28.25,30.00,52
75.611,28.25,30.00,52
75.880,27.62,30.00,71
76.148,28.16,30.00,55
76.418,28.25,30.00,52
76.687,28.25,30.00,52
76.955,28.25,30.00,52
77.224,28.25,30.00,52
77.494,28.25,30.00,52
77.762,28.25,30.00,52
78.031,28.25,30.00,52
78.301,28.25,30.00,52
78.569,28.25,30.00,52
78.838,28.25,30.00,52
79.108,28.25,30.00,52
79.376,28.25,30.00,52
79.645,28.25,30.00,52
79.915,28.34,30.00,49
80.183,28.25,30.00,52
80.452,28.25,30.00,52
80.721,28.25,30.00,52
80.990,27.89,30.00,63
81.259,28.16,30.00,55
81.528,28.25,30.00,52
81.797,28.34,30.00,49
82.066,28.25,30.00,52
82.335,28.25,30.00,52
82.604,28.25,30.00,52
82.873,28.25,30.00,52
83.142,27.62,30.00,71
83.410,28.25,30.00,52
83.680,28.34,30.00,49
83.949,28.34,30.00,49
84.217,28.25,30.00,52
84.487,28.25,30.00,52
84.756,28.34,30.00,49
85.024,28.25,30.00,52
85.294,28.25,30.00,52
85.563,28.34,30.00,49
85.831,28.25,30.00,52
86.100,28.25,30.00,52
86.370,28.25,30.00,52
86.638,28.16,30.00,55
86.907,28.25,30.00,52
87.177,28.25,30.00,52
87.445,28.34,30.00,49
87.714,28.25,30.00,52
87.984,28.25,30.00,52
88.252,28.25,30.00,52
88.521,28.25,30.00,52
88.791,28.25,30.00,52
89.059,28.34,30.00,49
89.328,28.34,30.00,49
89.597,28.34,30.00,49
89.866,28.34,30.00,49
90.135,28.25,30.00,52
90.404,28.25,30.00,52
90.673,28.34,30.00,49
90.942,28.34,30.00,49
91.211,28.34,30.00,49
91.480,28.34,30.00,49
91.749,28.34,30.00,49
92.018,28.34,30.00,49
92.286,28.25,30.00,52
92.556,28.34,30.00,49
92.825,28.34,30.00,49
93.093,28.34,30.00,49
93.363,28.34,30.00,49
93.632,28.34,30.00,49
93.900,28.25,30.00,52
94.170,28.34,30.00,49
94.439,28.34,30.00,49
94.707,28.34,30.00,49
94.977,28.34,30.00,49
95.246,28.25,30.00,52
95.514,28.34,30.00,49
95.783,28.34,30.00,49
96.053,28.34,30.00,49
96.321,28.34,30.00,49
96.590,28.34,30.00,49
96.860,28.34,30.00,49
97.128,28.34,30.00,49
97.397,28.34,30.00,49
97.667,28.34,30.00,49
97.935,28.25,30.00,52
98.204,28.34,30.00,49
98.473,28.34,30.00,49
98.742,28.52,30.00,44
99.011,28.25,30.00,52
99.280,28.34,30.00,49
99.549,28.34,30.00,49
99.818,28.34,30.00,49
100.087,28.34,30.00,49
100.356,28.34,30.00,49
100.625,28.43,30.00,47
100.894,28.43,30.00,47
101.164,28.34,30.00,49
101.432,28.34,30.00,49
101.701,28.34,30.00,49
101.970,28.34,30.00,49
102.240,28.34,30.00,49
102.508,28.43,30.00,47
102.777,28.34,30.00,49
103.047,28.34,30.00,49
103.316,28.43,30.00,47
103.584,28.52,30.00,44
103.854,28.34,30.00,49
104.123,28.43,30.00,47
104.392,28.43,30.00,47
104.660,28.34,30.00,49
104.930,28.34,30.00,49
105.199,28.34,30.00,49
105.468,28.61,30.00,41
105.737,28.43,30.00,47
106.006,28.34,30.00,49
106.275,28.43,30.00,47
106.545,28.43,30.00,47
106.813,28.43,30.00,47
107.082,28.43,30.00,47
107.352,28.34,30.00,49
107.621,28.34,30.00,49
107.889,28.43,30.00,47
108.158,28.52,30.00,44
108.428,28.43,30.00,47
108.697,28.34,30.00,49
108.965,28.43,30.00,47
109.235,28.34,30.00,49
109.504,28.34,30.00,49
109.773,28.43,30.00,47
110.042,28.43,30.00,47
110.311,28.43,30.00,47
110.580,28.43,30.00,47
110.850,28.43,30.00,47
111.118,28.34,30.00,49
111.387,28.43,30.00,47
111.656,28.43,30.00,47
111.926,28.43,30.00,47
112.194,28.43,30.00,47
112.463,28.43,30.00,47
112.733,28.43,30.00,47
113.002,28.34,30.00,49
113.270,28.52,30.00,44
113.540,28.43,30.00,47
113.809,28.43,30.00,47
114.078,28.43,30.00,47
114.347,28.43,30.00,47
114.616,28.43,30.00,47
114.885,28.43,30.00,47
115.154,28.43,30.00,47
115.423,28.43,30.00,47
115.692,28.43,30.00,47
115.961,27.98,30.00,60
116.231,28.43,30.00,47
116.499,28.43,30.00,47
116.768,28.43,30.00,47
117.038,28.43,30.00,47
117.307,28.43,30.00,47
117.575,28.43,30.00,47
117.844,28.52,30.00,44
118.114,27.98,30.00,60
118.383,28.43,30.00,47
118.651,28.43,30.00,47
118.921,28.43,30.00,47
119.190,28.43,30.00,47
119.459,28.43,30.00,47
119.728,28.43,30.00,47
119.997,28.52,30.00,44
120.266,28.43,30.00,47
120.536,28.43,30.00,47
120.804,28.43,30.00,47
121.073,28.43,30.00,47
121.342,28.52,30.00,44
121.612,28.43,30.00,47
121.880,28.52,30.00,44
122.149,28.52,30.00,44
122.419,28.52,30.00,44
122.688,28.43,30.00,47
122.956,28.52,30.00,44
123.226,28.43,30.00,47
123.495,28.52,30.00,44
123.764,28.52,30.00,44
124.033,28.52,30.00,44
124.302,28.52,30.00,44
124.571,28.52,30.00,44
124.840,28.52,30.00,44
125.109,28.43,30.00,47
125.378,28.52,30.00,44
125.647,28.52,30.00,44
125.917,28.52,30.00,44
126.185,28.52,30.00,44
126.454,28.52,30.00,44
126.724,28.52,30.00,44
126.993,28.43,30.00,47
127.262,28.52,30.00,44
127.531,28.52,30.00,44
127.800,28.52,30.00,44
128.069,28.52,30.00,44
128.338,28.80,30.00,36
128.607,28.52,30.00,44
128.876,28.52,30.00,44
129.145,28.52,30.00,44
129.415,28.52,30.00,44
129.683,28.52,30.00,44
129.952,28.52,30.00,44
130.222,28.61,30.00,41
130.491,28.34,30.00,49
130.759,28.52,30.00,44
131.028,28.52,30.00,44
131.298,28.52,30.00,44
131.567,28.52,30.00,44
131.835,28.52,30.00,44
132.105,28.61,30.00,41
132.374,28.52,30.00,44
132.643,28.52,30.00,44
132.912,28.52,30.00,44
133.181,28.43,30.00,47
133.450,28.16,30.00,55
133.720,28.52,30.00,44
133.988,28.52,30.00,44
134.257,28.61,30.00,41
134.526,28.52,30.00,44
134.796,28.52,30.00,44
135.064,28.52,30.00,44
135.333,28.52,30.00,44
135.603,28.52,30.00,44
135.872,28.61,30.00,41
136.140,28.52,30.00,44
136.410,28.61,30.00,41
136.679,28.52,30.00,44
136.948,28.52,30.00,44
137.218,28.52,30.00,44
137.486,28.52,30.00,44
137.755,28.61,30.00,41
138.024,28.61,30.00,41
138.294,28.52,30.00,44
138.562,28.52,30.00,44
138.831,28.61,30.00,41
139.101,28.52,30.00,44
139.370,28.52,30.00,44
139.638,28.61,30.00,41
139.908,28.61,30.00,41
140.177,28.61,30.00,41
140.446,28.61,30.00,41
140.715,28.61,30.00,41
140.984,28.61,30.00,41
141.253,28.61,30.00,41
141.522,28.61,30.00,41
141.791,28.61,30.00,41
142.060,28.61,30.00,41
142.329,28.61,30.00,41
142.599,28.61,30.00,41
142.867,28.61,30.00,41
143.136,28.71,30.00,38
143.406,28.80,30.00,36
143.675,28.61,30.00,41
143.943,28.61,30.00,41
144.212,28.61,30.00,41
144.482,28.61,30.00,41
144.751,28.61,30.00,41
145.019,28.61,30.00,41
145.289,28.61,30.00,41
145.558,28.52,30.00,44
145.827,28.61,30.00,41
146.096,28.71,30.00,38
146.365,28.61,30.00,41
146.634,28.61,30.00,41
146.904,28.61,30.00,41
147.172,28.61,30.00,41
147.441,28.61,30.00,41
147.710,28.61,30.00,41
147.980,28.71,30.00,38
148.248,28.71,30.00,38
148.517,28.61,30.00,41
148.787,28.61,30.00,41
149.056,28.61,30.00,41
149.325,28.61,30.00,41
149.594,28.61,30.00,41
149.863,28.71,30.00,38
150.132,28.71,30.00,38
150.402,28.61,30.00,41
150.670,28.71,30.00,38
150.939,28.71,30.00,38
151.208,28.61,30.00,41
151.478,28.71,30.00,38
151.746,28.71,30.00,38
152.015,28.71,30.00,38
152.285,28.71,30.00,38
152.554,28.71,30.00,38
152.822,28.71,30.00,38
153.092,28.71,30.00,38
153.361,28.71,30.00,38
153.630,28.25,30.00,52
153.899,28.71,30.00,38
154.168,28.71,30.00,38
154.437,28.71,30.00,38
154.706,28.61,30.00,41
154.975,28.71,30.00,38
155.244,28.71,30.00,38
155.513,28.71,30.00,38
155.783,28.71,30.00,38
156.051,28.71,30.00,38
156.320,28.71,30.00,38
156.590,28.61,30.00,41
156.859,28.71,30.00,38
157.128,28.71,30.00,38
157.396,28.71,30.00,38
157.666,28.71,30.00,38
157.935,28.71,30.00,38
158.204,28.71,30.00,38
158.473,28.89,30.00,33
158.742,28.80,30.00,36
159.011,28.71,30.00,38
159.281,28.71,30.00,38
159.549,28.80,30.00,36
159.818,28.80,30.00,36
160.088,28.71,30.00,38
160.357,28.71,30.00,38
160.625,28.71,30.00,38
160.894,28.71,30.00,38
161.164,28.71,30.00,38
161.433,28.80,30.00,36
161.701,28.71,30.00,38
161.971,28.71,30.00,38
162.240,28.71,30.00,38
162.509,28.71,30.00,38
162.778,28.80,30.00,36
163.047,28.80,30.00,36
163.316,29.16,30.00,25
163.586,28.80,30.00,36
163.854,28.71,30.00,38
164.123,28.71,30.00,38
164.392,28.71,30.00,38
164.662,28.71,30.00,38
164.930,28.80,30.00,36
165.199,28.80,30.00,36
165.469,28.80,30.00,36
165.738,28.80,30.00,36
166.006,28.80,30.00,36
166.276,28.71,30.00,38
166.545,28.71,30.00,38
166.814,28.80,30.00,36
167.083,28.80,30.00,36
167.352,28.80,30.00,36
167.621,28.80,30.00,36
167.890,28.80,30.00,36
168.159,28.80,30.00,36
168.428,28.80,30.00,36
168.697,28.80,30.00,36
168.966,28.80,30.00,36
169.235,28.80,30.00,36
169.504,28.80,30.00,36
169.774,28.80,30.00,36
170.043,28.80,30.00,36
170.311,28.80,30.00,36
170.580,28.80,30.00,36
170.850,28.80,30.00,36
171.119,28.80,30.00,36
171.387,28.80,30.00,36
171.657,28.80,30.00,36
171.926,28.80,30.00,36
172.195,28.80,30.00,36
172.464,28.80,30.00,36
172.733,28.80,30.00,36
173.002,29.16,30.00,25
173.271,28.80,30.00,36
173.540,28.80,30.00,36
173.809,28.80,30.00,36
174.078,28.80,30.00,36
174.347,28.80,30.00,36
174.616,28.80,30.00,36
174.885,28.89,30.00,33
175.155,28.80,30.00,36
175.423,28.71,30.00,38
175.692,28.80,30.00,36
175.962,28.80,30.00,36
176.231,28.80,30.00,36
176.499,28.80,30.00,36
176.769,28.80,30.00,36
177.038,28.89,30.00,33
177.307,28.80,30.00,36
177.575,28.89,30.00,33
177.845,28.89,30.00,33
178.114,28.80,30.00,36
178.383,28.80,30.00,36
178.652,28.80,30.00,36
178.921,28.89,30.00,33
179.190,28.89,30.00,33
179.460,28.80,30.00,36
179.728,28.80,30.00,36
179.997,28.89,30.00,33
180.267,28.89,30.00,33
180.536,28.89,30.00,33
180.804,28.89,30.00,33
181.073,28.89,30.00,33
181.343,28.89,30.00,33
181.612,28.89,30.00,33
181.880,28.89,30.00,33
182.150,28.89,30.00,33
182.419,28.89,30.00,33
182.688,29.16,30.00,25
182.957,28.89,30.00,33
183.226,28.89,30.00,33
183.495,28.89,30.00,33
183.764,28.89,30.00,33
184.033,28.89,30.00,33
184.302,28.89,30.00,33
184.571,28.98,30.00,30
184.841,28.89,30.00,33
185.109,28.89,30.00,33
185.378,28.89,30.00,33
185.648,28.89,30.00,33
185.917,28.89,30.00,33
186.185,28.89,30.00,33
186.455,28.89,30.00,33
186.724,28.89,30.00,33
186.993,28.89,30.00,33
187.261,28.89,30.00,33
187.531,28.89,30.00,33
187.800,28.80,30.00,36
188.069,28.89,30.00,33
188.338,28.89,30.00,33
188.607,28.98,30.00,30
188.876,28.89,30.00,33
189.146,28.89,30.00,33
189.414,28.89,30.00,33
189.683,28.89,30.00,33
189.953,28.98,30.00,30
190.222,28.80,30.00,36
190.490,28.98,30.00,30
190.759,28.89,30.00,33
191.029,28.89,30.00,33
191.298,28.89,30.00,33
191.566,28.89,30.00,33
191.836,28.89,30.00,33
192.105,28.98,30.00,30
192.374,28.89,30.00,33
192.643,28.98,30.00,30
192.912,28.89,30.00,33
193.181,28.98,30.00,30
193.451,28.89,30.00,33
193.719,28.89,30.00,33
193.988,28.98,30.00,30
194.257,28.98,30.00,30
194.527,28.98,30.00,30
194.795,29.25,30.00,22
195.064,28.98,30.00,30
195.334,28.89,30.00,33
195.603,28.89,30.00,33
195.871,28.98,30.00,30
196.141,28.98,30.00,30
196.410,28.98,30.00,30
196.679,28.98,30.00,30
196.947,28.98,30.00,30
197.217,28.98,30.00,30
197.486,28.98,30.00,30
197.755,28.89,30.00,33
198.024,28.98,30.00,30
198.293,28.98,30.00,30
198.562,28.98,30.00,30
198.832,28.98,30.00,30
199.100,28.98,30.00,30
199.369,28.98,30.00,30
199.639,28.98,30.00,30
199.908,28.89,30.00,33
200.176,28.98,30.00,30
200.445,28.98,30.00,30
200.715,29.07,30.00,27
200.984,28.98,30.00,30
201.252,28.98,30.00,30
201.522,28.98,30.00,30
201.791,28.98,30.00,30
202.060,28.98,30.00,30
202.329,28.98,30.00,30
202.598,28.98,30.00,30
202.867,28.98,30.00,30
203.137,28.98,30.00,30
203.405,28.98,30.00,30
203.674,28.98,30.00,30
203.943,28.98,30.00,30
204.213,28.98,30.00,30
204.481,28.98,30.00,30
204.750,29.07,30.00,27
205.020,28.98,30.00,30
205.289,28.98,30.00,30
205.557,28.98,30.00,30
205.827,28.98,30.00,30
206.096,28.98,30.00,30
206.365,29.07,30.00,27
206.633,29.07,30.00,27
206.903,28.61,30.00,41
207.172,29.07,30.00,27
207.440,29.07,30.00,27
207.710,28.98,30.00,30
207.979,28.98,30.00,30
208.248,29.07,30.00,27
208.517,29.07,30.00,27
208.786,29.07,30.00,27
209.055,29.07,30.00,27
209.325,29.07,30.00,27
209.593,28.98,30.00,30
209.862,28.98,30.00,30
210.131,29.07,30.00,27
210.401,29.07,30.00,27
210.669,29.07,30.00,27
210.938,29.07,30.00,27
211.208,29.07,30.00,27
211.477,29.07,30.00,27
211.745,29.07,30.00,27
212.015,28.98,30.00,30
212.284,29.07,30.00,27
212.553,29.07,30.00,27
212.822,29.07,30.00,27
213.091,29.07,30.00,27
213.360,29.07,30.00,27
213.628,29.07,30.00,27
213.898,29.07,30.00,27
214.167,29.16,30.00,25
214.436,29.07,30.00,27
214.705,29.07,30.00,27
214.974,29.16,30.00,25
215.243,29.07,30.00,27
215.513,29.07,30.00,27
215.781,29.07,30.00,27
216.050,29.07,30.00,27
216.320,29.07,30.00,27
216.589,29.07,30.00,27
216.857,29.16,30.00,25
217.126,29.07,30.00,27
217.396,29.07,30.00,27
217.665,29.07,30.00,27
217.933,29.07,30.00,27
218.203,29.07,30.00,27
218.472,29.07,30.00,27
218.741,29.07,30.00,27
219.010,29.16,30.00,25
219.279,29.07,30.00,27
219.548,29.07,30.00,27
219.816,29.07,30.00,27
220.086,29.07,30.00,27
220.355,29.16,30.00,25
220.624,29.16,30.00,25
220.893,29.07,30.00,27
221.162,29.07,30.00,27
221.431,29.07,30.00,27
221.701,29.07,30.00,27
221.969,29.07,30.00,27
222.238,29.16,30.00,25
222.508,29.16,30.00,25
222.777,29.16,30.00,25
223.045,29.16,30.00,25
223.314,29.07,30.00,27
223.584,29.25,30.00,22
223.853,29.16,30.00,25
224.121,29.16,30.00,25
224.391,29.16,30.00,25
224.660,29.16,30.00,25
224.929,29.16,30.00,25
225.198,29.07,30.00,27
225.467,29.16,30.00,25
225.736,29.16,30.00,25
226.006,29.25,30.00,22
226.274,29.16,30.00,25
226.543,29.16,30.00,25
226.812,29.16,30.00,25
227.082,29.16,30.00,25
227.351,29.16,30.00,25
227.619,29.16,30.00,25
227.889,29.16,30.00,25
228.158,29.16,30.00,25
228.427,29.16,30.00,25
228.696,29.16,30.00,25
228.965,29.07,30.00,27
229.234,29.16,30.00,25
229.504,29.16,30.00,25
229.772,29.16,30.00,25
230.041,29.16,30.00,25
230.310,29.16,30.00,25
230.580,29.16,30.00,25
230.848,29.16,30.00,25
231.117,29.62,30.00,11
231.387,29.16,30.00,25
231.656,29.16,30.00,25
231.924,29.16,30.00,25
232.194,29.16,30.00,25
232.463,29.16,30.00,25
232.732,29.16,30.00,25
233.000,29.16,30.00,25
233.270,29.25,30.00,22
233.539,29.25,30.00,22
233.808,29.25,30.00,22
234.077,29.16,30.00,25
234.346,29.16,30.00,25
234.615,29.16,30.00,25
234.885,29.16,30.00,25
235.153,29.16,30.00,25
235.422,29.25,30.00,22
235.692,29.25,30.00,22
235.961,29.25,30.00,22
236.229,29.25,30.00,22
236.498,29.16,30.00,25
236.768,29.16,30.00,25
237.037,29.25,30.00,22
237.306,29.25,30.00,22
237.575,29.25,30.00,22
237.844,29.25,30.00,22
238.113,29.25,30.00,22
238.383,29.25,30.00,22
238.651,29.16,30.00,25
238.920,29.16,30.00,25
239.190,29.25,30.00,22
239.459,29.25,30.00,22
239.727,29.25,30.00,22
239.996,29.25,30.00,22
240.266,29.25,30.00,22
240.535,29.16,30.00,25
240.803,29.16,30.00,25
241.073,29.16,30.00,25
241.342,29.25,30.00,22
241.611,29.25,30.00,22
241.880,29.25,30.00,22
242.149,29.25,30.00,22
242.418,29.25,30.00,22
242.688,29.16,30.00,25
242.956,29.25,30.00,22
243.225,29.25,30.00,22
243.494,29.25,30.00,22
243.764,29.34,30.00,19
244.032,28.71,30.00,38
244.301,29.25,30.00,22
244.571,29.25,30.00,22
244.840,29.25,30.00,22
245.108,29.25,30.00,22
245.378,29.25,30.00,22
245.647,29.25,30.00,22
245.916,29.25,30.00,22
246.185,29.25,30.00,22
246.454,29.25,30.00,22
246.723,29.25,30.00,22
246.992,29.25,30.00,22
247.262,29.25,30.00,22
247.530,29.25,30.00,22
247.799,29.34,30.00,19
248.069,29.25,30.00,22
248.338,29.25,30.00,22
248.606,29.25,30.00,22
248.876,29.25,30.00,22
249.145,29.25,30.00,22
249.414,29.25,30.00,22
249.682,29.25,30.00,22
249.952,29.34,30.00,19
250.221,29.25,30.00,22
250.490,29.25,30.00,22
250.759,29.25,30.00,22
251.028,29.25,30.00,22
251.297,29.34,30.00,19
251.567,29.34,30.00,19
251.835,29.34,30.00,19
252.104,29.25,30.00,22
252.374,29.25,30.00,22
252.643,29.25,30.00,22
252.911,29.25,30.00,22
253.180,29.34,30.00,19
253.450,29.34,30.00,19
253.719,29.34,30.00,19
253.987,29.07,30.00,27
254.257,29.34,30.00,19
254.526,29.34,30.00,19
254.795,29.25,30.00,22
255.064,29.25,30.00,22
255.333,29.34,30.00,19
255.602,29.34,30.00,19
255.872,29.34,30.00,19
256.140,29.80,30.00,5
256.409,29.25,30.00,22
256.678,29.34,30.00,19
256.948,29.25,30.00,22
257.216,29.34,30.00,19
257.485,29.34,30.00,19
257.755,29.34,30.00,19
258.024,29.34,30.00,19
258.292,29.34,30.00,19
258.562,29.34,30.00,19
258.831,29.34,30.00,19
259.100,29.25,30.00,22
259.368,29.34,30.00,19
259.638,29.34,30.00,19
259.907,29.34,30.00,19
260.176,29.34,30.00,19
260.445,29.34,30.00,19
260.714,29.25,30.00,22
260.983,29.34,30.00,19
261.253,29.34,30.00,19
261.522,29.34,30.00,19
261.790,29.43,30.00,16
262.060,29.34,30.00,19
262.329,29.34,30.00,19
262.598,29.34,30.00,19
262.866,29.34,30.00,19
263.136,29.34,30.00,19
263.405,29.34,30.00,19
263.674,29.34,30.00,19
263.943,29.34,30.00,19
264.212,29.34,30.00,19
264.481,29.34,30.00,19
264.751,29.34,30.00,19
265.019,29.34,30.00,19
265.288,29.34,30.00,19
265.558,29.43,30.00,16
265.827,29.34,30.00,19
266.095,29.34,30.00,19
266.364,29.34,30.00,19
266.634,29.34,30.00,19
266.903,29.34,30.00,19
267.171,29.34,30.00,19
267.441,29.43,30.00,16
267.710,29.43,30.00,16
267.979,29.34,30.00,19
268.248,29.34,30.00,19
268.517,29.34,30.00,19
268.786,29.16,30.00,25
269.056,29.43,30.00,16
269.324,29.43,30.00,16
269.593,29.43,30.00,16
269.862,29.34,30.00,19
270.132,29.34,30.00,19
270.401,29.34,30.00,19
270.669,29.34,30.00,19
270.939,29.43,30.00,16
271.208,29.43,30.00,16
271.477,29.43,30.00,16
271.746,29.34,30.00,19
272.015,29.43,30.00,16
272.284,29.34,30.00,19
272.553,29.34,30.00,19
272.822,29.43,30.00,16
273.091,29.43,30.00,16
273.360,29.43,30.00,16
273.630,29.43,30.00,16
273.898,29.43,30.00,16
274.167,29.53,30.00,14
274.437,29.43,30.00,16
274.706,29.43,30.00,16
274.974,29.43,30.00,16
275.244,29.43,30.00,16
275.513,29.43,30.00,16
275.782,29.43,30.00,16
276.050,29.43,30.00,16
276.320,29.43,30.00,16
276.589,29.34,30.00,19
276.858,29.43,30.00,16
277.127,29.43,30.00,16
277.396,29.43,30.00,16
277.665,29.43,30.00,16
277.935,29.34,30.00,19
278.204,29.43,30.00,16
278.472,29.43,30.00,16
278.742,29.43,30.00,16
279.011,29.43,30.00,16
279.280,29.16,30.00,25
279.548,29.43,30.00,16
279.818,29.34,30.00,19
280.087,29.43,30.00,16
280.356,29.43,30.00,16
280.625,29.43,30.00,16
280.894,29.43,30.00,16
281.163,29.43,30.00,16
281.433,29.43,30.00,16
281.701,29.43,30.00,16
281.970,29.43,30.00,16
282.240,29.43,30.00,16
282.509,29.43,30.00,16
282.777,29.43,30.00,16
283.046,29.43,30.00,16
283.316,29.43,30.00,16
283.585,29.43,30.00,16
283.853,29.43,30.00,16
284.123,29.43,30.00,16
284.392,29.43,30.00,16
284.661,29.53,30.00,14
284.930,29.53,30.00,14
285.199,29.43,30.00,16
285.468,29.43,30.00,16
285.737,29.43,30.00,16
286.006,29.43,30.00,16
286.275,29.43,30.00,16
286.544,29.53,30.00,14
286.814,29.53,30.00,14
287.083,29.43,30.00,16
287.351,29.43,30.00,16
287.621,29.43,30.00,16
287.890,29.43,30.00,16
288.159,29.43,30.00,16
288.428,29.43,30.00,16
288.697,29.53,30.00,14
288.966,29.43,30.00,16
289.235,29.43,30.00,16
289.504,29.43,30.00,16
289.773,29.43,30.00,16
290.042,29.53,30.00,14
290.312,29.53,30.00,14
290.580,29.53,30.00,14
290.849,29.53,30.00,14
291.119,29.53,30.00,14
291.388,29.43,30.00,16
291.656,29.89,30.00,3
291.926,29.53,30.00,14
292.195,29.53,30.00,14
292.464,29.53,30.00,14
292.732,29.53,30.00,14
293.002,29.53,30.00,14
293.271,29.43,30.00,16
293.540,29.53,30.00,14
293.809,29.53,30.00,14
294.078,29.53,30.00,14
294.347,29.53,30.00,14
294.617,29.43,30.00,16
294.885,29.53,30.00,14
295.154,29.43,30.00,16
295.424,29.53,30.00,14
295.693,29.53,30.00,14
295.961,29.53,30.00,14
296.230,29.53,30.00,14
296.500,29.53,30.00,14
296.769,29.43,30.00,16
297.038,29.43,30.00,16
297.307,29.53,30.00,14
297.576,29.53,30.00,14
297.845,29.53,30.00,14
298.115,29.53,30.00,14
298.383,29.53,30.00,14
298.652,29.53,30.00,14
298.921,29.53,30.00,14
299.191,29.53,30.00,14
299.459,29.53,30.00,14
299.728,29.53,30.00,14
299.998,29.53,30.00,14
300.267,29.53,30.00,14
300.535,29.53,30.00,14
300.805,29.53,30.00,14
301.074,29.53,30.00,14
301.343,29.53,30.00,14
301.612,29.53,30.00,14
301.881,29.53,30.00,14
302.150,29.80,30.00,5
302.419,29.53,30.00,14
302.688,29.53,30.00,14
302.957,29.53,30.00,14
303.226,29.53,30.00,14
303.496,29.53,30.00,14
303.764,29.62,30.00,11
