Tempo (s),Temp Atual (C),Temp Desejada (C),PWM
1.04,27.08,30.00,0
2.06,27.08,30.00,0
3.09,27.17,30.00,0
4.11,27.17,30.00,117
5.14,27.17,30.00,118
6.16,27.17,30.00,120
7.19,27.17,30.00,121
8.21,27.17,30.00,122
9.24,27.17,30.00,105
10.26,27.08,30.00,128
11.29,27.17,30.00,125
12.32,27.17,30.00,127
13.34,27.17,30.00,128
14.37,27.17,30.00,129
15.39,27.17,30.00,130
16.42,27.17,30.00,131
17.44,27.08,30.00,136
18.47,27.17,30.00,133
19.50,27.17,30.00,135
20.52,27.17,30.00,136
21.55,27.17,30.00,137
22.57,27.17,30.00,120
23.60,27.17,30.00,139
24.62,27.17,30.00,140
25.65,27.08,30.00,163
26.68,27.17,30.00,161
27.70,27.17,30.00,144
28.73,27.17,30.00,145
29.75,27.17,30.00,146
30.78,27.17,30.00,147
31.80,27.17,30.00,149
32.83,27.17,30.00,150
33.86,27.17,30.00,133
34.88,27.17,30.00,152
35.91,27.17,30.00,171
36.93,27.17,30.00,154
37.96,27.17,30.00,156
38.98,27.17,30.00,157
40.01,27.17,30.00,158
41.04,27.08,30.00,180
42.06,27.17,30.00,160
43.09,27.17,30.00,161
44.11,27.17,30.00,163
45.14,27.17,30.00,164
46.16,27.26,30.00,144
47.19,27.26,30.00,145
48.22,27.17,30.00,167
49.24,27.26,30.00,147
50.27,27.26,30.00,148
51.29,27.17,30.00,188
52.32,27.17,30.00,172
53.35,27.17,30.00,191
54.37,27.26,30.00,170
55.40,27.17,30.00,193
56.42,27.26,30.00,173
57.45,27.26,30.00,156
58.47,27.26,30.00,175
59.50,27.26,30.00,176
60.53,27.26,30.00,177
61.55,27.26,30.00,178
62.58,27.26,30.00,179
63.60,27.26,30.00,181
64.63,27.26,30.00,182
65.65,27.26,30.00,201
66.68,27.26,30.00,184
67.71,27.35,30.00,181
68.73,27.26,30.00,204
69.76,27.35,30.00,184
70.79,27.26,30.00,188
71.81,27.35,30.00,168
72.84,27.35,30.00,187
73.86,27.35,30.00,188
74.89,27.44,30.00,168
75.91,27.44,30.00,169
76.94,27.44,30.00,170
77.96,27.35,30.00,192
78.99,27.35,30.00,193
80.02,27.44,30.00,191
81.04,27.35,30.00,213
82.07,27.44,30.00,193
83.09,27.44,30.00,176
84.12,27.44,30.00,195
85.14,27.44,30.00,196
86.17,27.44,30.00,197
87.20,27.53,30.00,177
88.22,27.44,30.00,199
89.25,27.53,30.00,179
90.27,27.53,30.00,180
91.30,27.53,30.00,199
92.32,27.44,30.00,221
93.35,27.53,30.00,201
94.38,27.53,30.00,220
95.40,27.62,30.00,181
96.43,27.53,30.00,204
97.45,27.62,30.00,201
98.48,27.53,30.00,224
99.51,27.62,30.00,203
100.53,27.62,30.00,186
101.56,27.62,30.00,205
102.58,27.62,30.00,206
103.61,27.62,30.00,207
104.63,27.62,30.00,208
105.66,27.62,30.00,227
106.69,27.71,30.00,206
107.71,27.71,30.00,207
108.74,27.71,30.00,208
109.76,27.71,30.00,209
110.79,27.80,30.00,189
111.82,27.71,30.00,229
112.84,27.80,30.00,208
113.87,27.80,30.00,209
114.89,27.80,30.00,210
115.92,27.80,30.00,211
116.94,27.80,30.00,212
117.97,27.80,30.00,213
119.00,27.80,30.00,214
120.02,27.89,30.00,211
121.05,27.89,30.00,212
122.07,27.89,30.00,213
123.10,27.89,30.00,214
124.13,27.89,30.00,215
125.15,27.89,30.00,233
126.18,27.98,30.00,213
127.20,27.98,30.00,231
128.23,27.98,30.00,214
129.26,27.98,30.00,215
130.28,28.07,30.00,194
131.31,27.98,30.00,235
132.33,28.07,30.00,214
133.36,28.07,30.00,232
134.38,28.07,30.00,198
135.41,28.16,30.00,195
136.44,28.07,30.00,235
137.46,28.16,30.00,214
138.49,28.16,30.00,215
139.51,28.07,30.00,237
140.54,28.25,30.00,195
141.56,28.16,30.00,217
142.59,28.25,30.00,214
143.62,28.25,30.00,215
144.64,28.25,30.00,216
145.67,28.25,30.00,216
146.69,28.25,30.00,217
147.72,28.25,30.00,236
148.75,28.25,30.00,237
149.77,28.34,30.00,216
150.80,28.34,30.00,216
151.82,28.34,30.00,235
152.85,28.43,30.00,196
153.88,28.43,30.00,215
154.90,28.43,30.00,215
155.93,28.43,30.00,216
156.95,28.43,30.00,234
157.98,28.52,30.00,214
159.01,28.52,30.00,214
160.03,28.52,30.00,233
161.06,28.52,30.00,215
162.08,28.52,30.00,234
163.11,28.61,30.00,213
164.13,28.61,30.00,195
165.16,28.61,30.00,232
166.19,28.61,30.00,215
167.21,28.61,30.00,233
168.24,28.71,30.00,212
169.26,28.71,30.00,213
170.29,28.80,30.00,191
171.32,28.80,30.00,192
172.34,28.80,30.00,210
173.37,28.80,30.00,211
174.39,28.89,30.00,190
175.42,28.80,30.00,248
176.45,28.89,30.00,209
177.47,28.80,30.00,231
178.50,28.89,30.00,210
179.52,28.98,30.00,189
180.55,28.89,30.00,229
181.58,28.98,30.00,207
182.60,28.98,30.00,208
183.63,28.98,30.00,226
184.65,28.98,30.00,209
185.68,28.98,30.00,227
186.70,29.07,30.00,206
187.73,29.07,30.00,206
188.76,29.16,30.00,203
189.78,29.16,30.00,203
190.81,29.07,30.00,225
191.83,29.16,30.00,204
192.86,29.16,30.00,204
193.88,29.16,30.00,223
194.91,29.25,30.00,201
195.94,29.25,30.00,202
196.96,29.34,30.00,180
197.99,29.34,30.00,199
199.02,29.34,30.00,199
200.04,29.34,30.00,199
201.07,29.34,30.00,199
202.09,29.34,30.00,200
203.12,29.34,30.00,218
204.14,29.43,30.00,196
205.17,29.53,30.00,175
206.20,29.53,30.00,193
207.22,29.53,30.00,175
208.25,29.53,30.00,175
209.27,29.53,30.00,194
210.30,29.53,30.00,194
211.33,29.53,30.00,213
212.35,29.53,30.00,213
213.38,29.71,30.00,151
214.40,29.62,30.00,191
215.43,29.71,30.00,188
216.46,29.71,30.00,188
217.48,29.71,30.00,188
218.51,29.80,30.00,166
219.53,29.80,30.00,166
220.56,29.71,30.00,206
221.59,29.80,30.00,184
222.61,29.89,30.00,163
223.64,29.80,30.00,185
224.66,29.89,30.00,181
225.69,29.80,30.00,203
226.71,29.89,30.00,181
227.74,29.99,30.00,177
228.77,29.89,30.00,199
