Tempo (s),Temp Atual (C),Temp Desejada (C),PWM
0.034,26.37,30.00,217
0.304,26.37,30.00,217
0.572,26.37,30.00,217
0.841,26.37,30.00,217
1.111,26.37,30.00,217
1.379,26.37,30.00,217
1.648,26.37,30.00,217
1.916,26.37,30.00,217
2.186,26.37,30.00,217
2.455,26.37,30.00,217
2.723,26.37,30.00,217
2.993,26.37,30.00,217
3.262,26.37,30.00,217
3.531,26.37,30.00,217
3.801,26.55,30.00,207
4.069,26.46,30.00,212
4.338,26.37,30.00,217
4.608,26.28,30.00,223
4.876,26.46,30.00,212
5.145,26.46,30.00,212
5.414,26.37,30.00,217
5.683,26.64,30.00,201
5.952,26.55,30.00,207
6.220,26.37,30.00,217
6.490,26.37,30.00,217
6.759,26.28,30.00,223
7.027,26.55,30.00,207
7.297,26.37,30.00,217
7.565,26.37,30.00,217
7.834,26.37,30.00,217
8.103,26.37,30.00,217
8.372,26.28,30.00,223
8.641,26.37,30.00,217
8.910,26.19,30.00,228
9.179,26.37,30.00,217
9.448,26.37,30.00,217
9.716,26.55,30.00,207
9.986,26.55,30.00,207
10.255,26.46,30.00,212
10.523,26.55,30.00,207
10.792,26.37,30.00,217
11.062,26.46,30.00,212
11.331,26.46,30.00,212
11.599,26.46,30.00,212
11.869,26.46,30.00,212
12.138,26.37,30.00,217
12.406,26.19,30.00,228
12.676,26.10,30.00,233
12.945,26.46,30.00,212
13.214,26.46,30.00,212
13.484,26.46,30.00,212
13.753,26.46,30.00,212
14.021,26.46,30.00,212
14.290,26.46,30.00,212
14.560,26.02,30.00,239
14.829,26.46,30.00,212
15.098,26.73,30.00,196
15.368,26.55,30.00,207
15.637,26.46,30.00,212
15.906,26.46,30.00,212
16.176,26.10,30.00,233
16.444,26.10,30.00,233
16.713,26.10,30.00,233
16.983,26.28,30.00,223
17.252,26.10,30.00,233
17.521,26.10,30.00,233
17.790,26.02,30.00,239
18.060,26.10,30.00,233
18.329,26.19,30.00,228
18.597,26.46,30.00,212
18.867,25.75,30.00,255
19.136,26.10,30.00,233
19.405,26.10,30.00,233
19.675,25.93,30.00,244
19.944,26.10,30.00,233
20.213,26.10,30.00,233
20.482,26.37,30.00,217
20.751,26.19,30.00,228
21.021,26.19,30.00,228
21.291,26.28,30.00,223
21.560,25.84,30.00,249
21.828,26.10,30.00,233
22.097,26.10,30.00,233
22.367,26.10,30.00,233
22.636,26.10,30.00,233
22.905,26.19,30.00,228
23.175,26.28,30.00,223
23.443,25.75,30.00,255
23.712,26.28,30.00,223
23.982,26.37,30.00,217
24.251,26.46,30.00,212
24.520,26.28,30.00,223
24.790,26.37,30.00,217
25.059,26.02,30.00,239
25.327,26.28,30.00,223
25.596,26.28,30.00,223
25.866,26.46,30.00,212
26.134,26.46,30.00,212
26.403,26.28,30.00,223
26.673,26.28,30.00,223
26.942,26.37,30.00,217
27.211,26.10,30.00,233
27.480,26.28,30.00,223
27.749,26.46,30.00,212
28.018,26.28,30.00,223
28.288,26.28,30.00,223
28.557,26.19,30.00,228
28.826,26.37,30.00,217
29.095,26.19,30.00,228
29.365,26.19,30.00,228
29.634,26.28,30.00,223
29.902,25.75,30.00,255
30.172,26.19,30.00,228
30.441,26.19,30.00,228
30.710,26.46,30.00,212
30.980,26.19,30.00,228
31.249,26.19,30.00,228
31.518,26.28,30.00,223
31.788,25.84,30.00,249
32.057,26.19,30.00,228
32.326,26.28,30.00,223
32.595,26.19,30.00,228
32.865,26.19,30.00,228
33.134,26.19,30.00,228
33.402,26.19,30.00,228
33.672,26.10,30.00,233
33.941,26.10,30.00,233
34.210,26.19,30.00,228
34.480,26.10,30.00,233
34.749,26.10,30.00,233
35.018,26.46,30.00,212
35.288,26.10,30.00,233
35.557,26.19,30.00,228
35.826,26.10,30.00,233
36.096,25.84,30.00,249
36.365,26.19,30.00,228
36.634,26.28,30.00,223
36.902,26.64,30.00,201
37.172,26.19,30.00,228
37.441,26.37,30.00,217
37.710,26.37,30.00,217
37.980,26.46,30.00,212
38.249,26.37,30.00,217
38.518,26.46,30.00,212
38.788,26.46,30.00,212
39.057,26.91,30.00,185
39.326,26.64,30.00,201
39.596,26.55,30.00,207
39.865,26.99,30.00,180
40.134,26.64,30.00,201
40.403,26.64,30.00,201
40.672,26.73,30.00,196
40.941,26.82,30.00,191
41.210,26.64,30.00,201
41.480,26.73,30.00,196
41.749,26.28,30.00,223
42.018,26.73,30.00,196
42.288,26.73,30.00,196
42.557,26.73,30.00,196
42.826,26.73,30.00,196
43.096,26.73,30.00,196
43.365,26.91,30.00,185
43.634,26.91,30.00,185
43.902,26.73,30.00,196
44.172,26.82,30.00,191
44.441,26.64,30.00,201
44.710,26.73,30.00,196
44.980,26.73,30.00,196
45.249,26.91,30.00,185
45.518,26.73,30.00,196
45.788,26.73,30.00,196
46.057,26.82,30.00,191
46.326,26.64,30.00,201
46.596,26.73,30.00,196
46.865,26.55,30.00,207
47.134,26.64,30.00,201
47.404,26.73,30.00,196
47.673,26.91,30.00,185
47.942,26.91,30.00,185
48.211,26.73,30.00,196
48.481,26.73,30.00,196
48.750,26.64,30.00,201
49.018,26.73,30.00,196
49.288,26.73,30.00,196
49.557,26.82,30.00,191
49.826,26.73,30.00,196
50.096,26.73,30.00,196
50.365,26.37,30.00,217
50.634,26.28,30.00,223
50.904,26.73,30.00,196
51.173,26.64,30.00,201
51.442,26.99,30.00,180
51.712,26.73,30.00,196
51.981,26.82,30.00,191
52.250,26.99,30.00,180
52.519,26.82,30.00,191
52.789,26.73,30.00,196
53.057,26.82,30.00,191
53.326,26.73,30.00,196
53.596,26.73,30.00,196
53.865,26.73,30.00,196
54.134,26.73,30.00,196
54.404,26.82,30.00,191
54.673,26.82,30.00,191
54.942,26.82,30.00,191
55.212,26.82,30.00,191
55.481,26.82,30.00,191
55.750,26.82,30.00,191
56.019,26.82,30.00,191
56.289,26.82,30.00,191
56.557,26.55,30.00,207
56.826,26.82,30.00,191
57.097,26.82,30.00,191
57.366,26.82,30.00,191
57.634,26.91,30.00,185
57.904,26.91,30.00,185
58.173,26.55,30.00,207
58.442,27.08,30.00,174
58.712,26.91,30.00,185
58.981,26.82,30.00,191
59.250,26.73,30.00,196
59.520,26.91,30.00,185
59.789,26.91,30.00,185
60.058,26.46,30.00,212
60.327,26.91,30.00,185
60.597,26.91,30.00,185
60.866,26.99,30.00,180
61.135,26.91,30.00,185
61.405,26.91,30.00,185
61.673,26.91,30.00,185
61.942,26.91,30.00,185
62.212,26.91,30.00,185
62.481,26.82,30.00,191
62.750,26.99,30.00,180
63.020,26.91,30.00,185
63.289,26.99,30.00,180
63.558,26.55,30.00,207
63.827,26.91,30.00,185
64.097,27.08,30.00,174
64.366,27.08,30.00,174
64.635,26.91,30.00,185
64.905,26.91,30.00,185
65.174,27.08,30.00,174
65.443,26.99,30.00,180
65.713,26.99,30.00,180
65.982,26.91,30.00,185
66.250,26.99,30.00,180
66.520,26.99,30.00,180
66.789,26.64,30.00,201
67.058,26.91,30.00,185
67.328,26.99,30.00,180
67.597,26.91,30.00,185
67.866,26.46,30.00,212
68.135,26.99,30.00,180
68.405,26.99,30.00,180
68.674,26.91,30.00,185
68.943,26.99,30.00,180
69.213,26.99,30.00,180
69.482,27.17,30.00,169
69.751,26.99,30.00,180
70.020,26.99,30.00,180
70.289,27.08,30.00,174
70.558,26.99,30.00,180
70.828,27.08,30.00,174
71.097,26.99,30.00,180
71.366,26.91,30.00,185
71.635,26.99,30.00,180
71.905,27.08,30.00,174
72.174,27.08,30.00,174
72.443,26.99,30.00,180
72.713,27.08,30.00,174
72.982,27.08,30.00,174
73.251,27.08,30.00,174
73.521,27.08,30.00,174
73.789,27.08,30.00,174
74.058,27.17,30.00,169
74.328,27.08,30.00,174
74.597,27.08,30.00,174
74.866,27.08,30.00,174
75.136,27.08,30.00,174
75.405,27.08,30.00,174
75.674,27.08,30.00,174
75.943,27.08,30.00,174
76.213,27.08,30.00,174
76.482,26.91,30.00,185
76.751,27.08,30.00,174
77.021,27.08,30.00,174
77.289,27.17,30.00,169
77.558,27.26,30.00,164
77.828,27.17,30.00,169
78.098,27.17,30.00,169
78.366,27.44,30.00,153
78.636,27.17,30.00,169
78.905,27.44,30.00,153
79.174,27.17,30.00,169
79.443,27.17,30.00,169
79.713,27.17,30.00,169
79.982,27.08,30.00,174
80.251,27.17,30.00,169
80.521,27.17,30.00,169
80.790,27.17,30.00,169
81.059,27.08,30.00,174
81.328,27.17,30.00,169
81.598,27.17,30.00,169
81.867,27.26,30.00,164
82.136,27.17,30.00,169
82.405,27.17,30.00,169
82.674,26.82,30.00,191
82.944,27.26,30.00,164
83.213,27.17,30.00,169
83.482,27.17,30.00,169
83.751,27.26,30.00,164
84.021,27.26,30.00,164
84.290,27.26,30.00,164
84.559,27.26,30.00,164
84.829,27.26,30.00,164
85.098,27.26,30.00,164
85.367,27.26,30.00,164
85.637,27.26,30.00,164
85.905,27.26,30.00,164
86.174,27.26,30.00,164
86.444,27.26,30.00,164
86.713,27.26,30.00,164
86.982,27.26,30.00,164
87.251,27.26,30.00,164
87.521,27.26,30.00,164
87.790,27.35,30.00,158
88.059,27.35,30.00,158
88.329,27.35,30.00,158
88.598,27.26,30.00,164
88.867,27.35,30.00,158
89.137,27.35,30.00,158
89.405,27.08,30.00,174
89.674,27.44,30.00,153
89.944,27.35,30.00,158
90.213,27.44,30.00,153
90.482,27.44,30.00,153
90.752,27.35,30.00,158
91.021,27.35,30.00,158
91.290,27.44,30.00,153
91.559,27.35,30.00,158
91.829,27.44,30.00,153
92.098,27.44,30.00,153
92.367,27.35,30.00,158
92.637,27.35,30.00,158
92.906,26.99,30.00,180
93.175,27.35,30.00,158
93.445,27.53,30.00,148
93.714,27.26,30.00,164
93.983,27.44,30.00,153
94.252,27.44,30.00,153
94.521,27.80,30.00,131
94.790,27.44,30.00,153
95.059,27.44,30.00,153
95.329,27.26,30.00,164
95.598,27.44,30.00,153
95.867,27.44,30.00,153
96.137,27.53,30.00,148
96.406,27.44,30.00,153
96.675,27.44,30.00,153
96.945,27.62,30.00,142
97.214,27.44,30.00,153
97.483,27.44,30.00,153
97.753,26.91,30.00,185
98.022,27.44,30.00,153
98.291,27.53,30.00,148
98.561,27.62,30.00,142
98.829,27.53,30.00,148
99.098,27.53,30.00,148
99.367,27.44,30.00,153
99.637,27.53,30.00,148
99.906,27.62,30.00,142
100.175,27.26,30.00,164
100.445,27.53,30.00,148
100.714,27.62,30.00,142
100.983,27.08,30.00,174
101.253,27.53,30.00,148
101.522,27.44,30.00,153
101.791,27.53,30.00,148
102.061,27.53,30.00,148
102.330,27.53,30.00,148
102.599,27.62,30.00,142
102.868,27.53,30.00,148
103.138,27.35,30.00,158
103.407,27.62,30.00,142
103.676,27.62,30.00,142
103.946,27.62,30.00,142
104.215,27.62,30.00,142
104.484,27.62,30.00,142
104.754,27.53,30.00,148
105.023,27.62,30.00,142
105.292,27.71,30.00,137
105.562,27.89,30.00,126
105.831,27.62,30.00,142
106.100,27.62,30.00,142
106.370,27.62,30.00,142
106.639,27.62,30.00,142
106.908,27.62,30.00,142
107.177,27.80,30.00,131
107.447,27.71,30.00,137
107.716,27.71,30.00,137
107.985,27.71,30.00,137
108.255,27.71,30.00,137
108.524,27.80,30.00,131
108.793,27.80,30.00,131
109.063,27.71,30.00,137
109.332,27.71,30.00,137
109.601,27.71,30.00,137
109.871,27.71,30.00,137
110.140,27.71,30.00,137
110.409,27.71,30.00,137
110.679,27.71,30.00,137
110.949,27.71,30.00,137
111.218,27.71,30.00,137
111.486,27.80,30.00,131
111.756,27.80,30.00,131
112.025,27.80,30.00,131
112.294,27.80,30.00,131
112.564,27.80,30.00,131
112.833,27.80,30.00,131
113.102,27.80,30.00,131
113.372,27.80,30.00,131
113.641,27.80,30.00,131
113.910,27.80,30.00,131
114.180,27.80,30.00,131
114.449,27.80,30.00,131
114.718,27.80,30.00,131
114.988,27.89,30.00,126
115.257,27.80,30.00,131
115.526,27.80,30.00,131
115.795,27.80,30.00,131
116.065,27.80,30.00,131
116.334,27.80,30.00,131
116.603,27.89,30.00,126
116.873,27.80,30.00,131
117.142,27.80,30.00,131
117.411,27.80,30.00,131
117.681,27.89,30.00,126
117.950,27.89,30.00,126
118.219,27.44,30.00,153
118.489,27.80,30.00,131
118.758,27.89,30.00,126
119.028,27.62,30.00,142
119.298,27.89,30.00,126
119.566,27.89,30.00,126
119.835,28.07,30.00,115
120.104,27.80,30.00,131
120.374,27.89,30.00,126
120.644,27.98,30.00,121
120.913,27.98,30.00,121
121.183,27.98,30.00,121
121.451,27.98,30.00,121
121.720,28.25,30.00,104
121.991,27.98,30.00,121
122.260,27.89,30.00,126
122.529,27.98,30.00,121
122.799,27.98,30.00,121
123.068,27.98,30.00,121
123.337,27.98,30.00,121
123.607,27.98,30.00,121
123.876,27.98,30.00,121
124.145,27.98,30.00,121
124.414,27.98,30.00,121
124.684,28.07,30.00,115
124.953,28.07,30.00,115
125.222,28.07,30.00,115
125.492,27.98,30.00,121
125.761,28.07,30.00,115
126.030,28.07,30.00,115
126.300,28.07,30.00,115
126.569,28.07,30.00,115
126.838,28.07,30.00,115
127.108,27.98,30.00,121
127.377,28.07,30.00,115
127.646,28.07,30.00,115
127.916,28.07,30.00,115
128.185,28.07,30.00,115
128.454,28.07,30.00,115
128.723,28.07,30.00,115
128.993,28.07,30.00,115
129.262,28.07,30.00,115
129.531,28.16,30.00,110
129.801,28.43,30.00,94
130.070,28.07,30.00,115
130.339,28.07,30.00,115
130.609,28.34,30.00,99
130.878,28.16,30.00,110
131.147,28.07,30.00,115
131.417,28.52,30.00,88
131.686,28.16,30.00,110
131.955,27.98,30.00,121
132.225,27.62,30.00,142
132.494,28.16,30.00,110
132.763,28.43,30.00,94
133.032,27.89,30.00,126
133.302,28.16,30.00,110
133.571,28.16,30.00,110
133.840,28.61,30.00,83
134.110,28.16,30.00,110
134.379,28.07,30.00,115
134.648,27.71,30.00,137
134.918,28.25,30.00,104
135.187,28.07,30.00,115
135.456,28.16,30.00,110
135.726,28.25,30.00,104
135.995,28.61,30.00,83
136.264,28.43,30.00,94
136.534,28.34,30.00,99
136.803,28.25,30.00,104
137.072,28.25,30.00,104
137.341,28.25,30.00,104
137.611,28.25,30.00,104
137.880,28.34,30.00,99
138.149,28.34,30.00,99
138.419,28.34,30.00,99
138.688,28.25,30.00,104
138.957,28.34,30.00,99
139.227,28.34,30.00,99
139.495,28.25,30.00,104
139.765,28.34,30.00,99
140.035,28.34,30.00,99
140.304,28.34,30.00,99
140.573,28.34,30.00,99
140.843,28.34,30.00,99
141.111,28.34,30.00,99
141.380,28.34,30.00,99
141.649,28.34,30.00,99
141.920,28.34,30.00,99
142.189,28.34,30.00,99
142.457,28.34,30.00,99
142.727,28.43,30.00,94
142.996,28.43,30.00,94
143.265,28.43,30.00,94
143.535,28.34,30.00,99
143.804,28.43,30.00,94
144.073,28.43,30.00,94
144.343,28.43,30.00,94
144.612,28.43,30.00,94
144.881,28.43,30.00,94
145.150,28.43,30.00,94
145.420,28.43,30.00,94
145.689,28.43,30.00,94
145.958,28.43,30.00,94
146.228,28.52,30.00,88
146.497,28.43,30.00,94
146.766,28.43,30.00,94
147.036,28.43,30.00,94
147.305,28.52,30.00,88
147.574,28.52,30.00,88
147.843,28.52,30.00,88
148.112,28.43,30.00,94
148.381,28.52,30.00,88
148.652,28.52,30.00,88
148.921,28.52,30.00,88
149.189,28.52,30.00,88
149.458,28.52,30.00,88
149.728,28.52,30.00,88
149.997,28.52,30.00,88
150.266,28.52,30.00,88
150.536,28.52,30.00,88
150.805,28.52,30.00,88
151.074,28.61,30.00,83
151.344,28.61,30.00,83
151.613,28.52,30.00,88
151.882,28.52,30.00,88
152.152,28.61,30.00,83
152.421,28.61,30.00,83
152.690,28.61,30.00,83
152.960,28.61,30.00,83
153.229,28.61,30.00,83
153.498,28.61,30.00,83
153.767,28.61,30.00,83
154.037,28.61,30.00,83
154.306,28.61,30.00,83
154.575,28.61,30.00,83
154.845,28.71,30.00,77
155.114,28.61,30.00,83
155.383,28.34,30.00,99
155.653,28.71,30.00,77
155.922,28.71,30.00,77
156.190,28.80,30.00,72
156.460,28.25,30.00,104
156.729,28.61,30.00,83
156.999,28.43,30.00,94
157.267,28.61,30.00,83
157.537,28.71,30.00,77
157.806,28.71,30.00,77
158.075,28.71,30.00,77
158.345,28.71,30.00,77
158.614,28.71,30.00,77
158.883,28.71,30.00,77
159.153,28.80,30.00,72
159.422,28.80,30.00,72
159.691,28.80,30.00,72
159.961,28.80,30.00,72
160.230,28.71,30.00,77
160.499,28.52,30.00,88
160.769,28.80,30.00,72
161.038,28.80,30.00,72
161.307,28.43,30.00,94
161.576,28.34,30.00,99
161.846,28.80,30.00,72
162.115,28.80,30.00,72
162.384,28.98,30.00,61
162.654,28.80,30.00,72
162.922,28.61,30.00,83
163.191,28.71,30.00,77
163.461,28.80,30.00,72
163.730,28.80,30.00,72
163.999,28.80,30.00,72
164.269,28.89,30.00,66
164.538,28.89,30.00,66
164.807,28.89,30.00,66
165.076,29.25,30.00,44
165.346,28.80,30.00,72
165.615,28.89,30.00,66
165.884,29.07,30.00,55
166.154,28.89,30.00,66
166.423,28.89,30.00,66
166.692,28.98,30.00,61
166.962,28.89,30.00,66
167.231,28.89,30.00,66
167.500,28.98,30.00,61
167.770,28.89,30.00,66
168.039,28.89,30.00,66
168.308,28.89,30.00,66
168.578,28.43,30.00,94
168.847,28.89,30.00,66
169.116,28.89,30.00,66
169.385,28.61,30.00,83
169.655,28.98,30.00,61
169.923,28.98,30.00,61
170.192,28.61,30.00,83
170.462,28.98,30.00,61
170.731,28.98,30.00,61
171.000,28.71,30.00,77
171.270,28.98,30.00,61
171.539,28.98,30.00,61
171.808,28.98,30.00,61
172.078,28.98,30.00,61
172.347,28.98,30.00,61
172.616,29.07,30.00,55
172.886,29.07,30.00,55
173.155,28.98,30.00,61
173.424,29.07,30.00,55
173.693,28.98,30.00,61
173.963,29.07,30.00,55
174.232,28.98,30.00,61
174.501,28.98,30.00,61
174.771,29.07,30.00,55
175.040,29.07,30.00,55
175.309,29.07,30.00,55
175.579,29.07,30.00,55
175.848,29.07,30.00,55
176.117,29.07,30.00,55
176.386,29.07,30.00,55
176.655,29.07,30.00,55
176.924,29.16,30.00,50
177.193,29.07,30.00,55
177.463,29.07,30.00,55
177.732,29.07,30.00,55
178.001,29.07,30.00,55
178.271,29.16,30.00,50
178.540,29.16,30.00,50
178.809,29.16,30.00,50
179.079,29.16,30.00,50
179.348,29.16,30.00,50
179.617,29.16,30.00,50
179.887,29.16,30.00,50
180.156,29.16,30.00,50
180.425,29.16,30.00,50
180.695,29.16,30.00,50
180.964,29.16,30.00,50
181.233,29.16,30.00,50
181.502,29.16,30.00,50
181.771,29.16,30.00,50
182.040,29.25,30.00,44
182.309,29.16,30.00,50
182.579,29.16,30.00,50
182.849,29.16,30.00,50
183.117,29.25,30.00,44
183.387,29.25,30.00,44
183.656,29.25,30.00,44
183.925,29.25,30.00,44
184.195,29.25,30.00,44
184.464,29.25,30.00,44
184.733,29.25,30.00,44
185.003,29.25,30.00,44
185.272,29.25,30.00,44
185.541,29.25,30.00,44
185.810,29.25,30.00,44
186.080,29.25,30.00,44
186.349,29.25,30.00,44
186.618,29.25,30.00,44
186.888,29.34,30.00,39
187.157,29.25,30.00,44
187.426,29.25,30.00,44
187.696,29.25,30.00,44
187.965,29.25,30.00,44
188.234,29.25,30.00,44
188.504,29.34,30.00,39
188.773,29.34,30.00,39
189.042,29.34,30.00,39
189.312,29.25,30.00,44
189.581,29.34,30.00,39
189.850,29.34,30.00,39
190.119,29.34,30.00,39
190.389,29.34,30.00,39
190.658,29.34,30.00,39
190.927,29.34,30.00,39
191.197,29.34,30.00,39
191.466,29.34,30.00,39
191.734,29.43,30.00,33
192.004,29.34,30.00,39
192.273,29.34,30.00,39
192.542,29.34,30.00,39
192.812,29.43,30.00,33
193.081,29.43,30.00,33
193.350,29.43,30.00,33
193.619,29.43,30.00,33
193.889,29.43,30.00,33
194.158,29.34,30.00,39
194.427,29.43,30.00,33
194.697,29.43,30.00,33
194.966,29.43,30.00,33
195.235,29.43,30.00,33
195.505,29.43,30.00,33
195.774,29.43,30.00,33
196.043,29.43,30.00,33
196.313,29.43,30.00,33
196.582,29.43,30.00,33
196.851,29.53,30.00,28
197.121,29.43,30.00,33
197.390,29.43,30.00,33
197.659,29.43,30.00,33
197.928,29.43,30.00,33
198.198,29.43,30.00,33
198.467,29.53,30.00,28
198.736,29.53,30.00,28
199.006,29.53,30.00,28
199.275,29.43,30.00,33
199.544,29.53,30.00,28
199.814,29.53,30.00,28
200.083,29.53,30.00,28
200.351,29.53,30.00,28
200.621,29.53,30.00,28
200.891,29.71,30.00,17
201.160,29.53,30.00,28
201.430,29.62,30.00,22
201.699,29.62,30.00,22
201.967,29.62,30.00,22
202.236,29.62,30.00,22
202.506,29.62,30.00,22
202.775,29.53,30.00,28
203.044,29.62,30.00,22
203.314,29.62,30.00,22
203.583,29.62,30.00,22
203.852,29.62,30.00,22
204.122,29.62,30.00,22
204.391,29.62,30.00,22
204.660,29.62,30.00,22
204.930,29.62,30.00,22
205.199,29.62,30.00,22
205.468,29.71,30.00,17
205.737,29.62,30.00,22
206.007,29.62,30.00,22
206.276,29.62,30.00,22
206.545,29.62,30.00,22
206.815,29.71,30.00,17
207.084,29.71,30.00,17
207.353,29.71,30.00,17
207.623,29.71,30.00,17
207.892,29.71,30.00,17
208.161,29.62,30.00,22
208.431,29.71,30.00,17
208.700,29.71,30.00,17
208.969,29.71,30.00,17
209.239,29.71,30.00,17
209.508,29.71,30.00,17
209.777,29.71,30.00,17
210.046,29.99,30.00,0
210.316,29.71,30.00,17
210.585,29.71,30.00,17
210.853,29.71,30.00,17
211.123,29.71,30.00,17
211.393,29.71,30.00,17
211.662,29.71,30.00,17
211.932,29.71,30.00,17
212.201,29.71,30.00,17
212.469,29.80,30.00,11
212.739,29.80,30.00,11
213.008,29.80,30.00,11
213.277,29.71,30.00,17
213.547,29.99,30.00,0
213.816,29.80,30.00,11
214.085,29.80,30.00,11
214.354,29.80,30.00,11
214.624,29.80,30.00,11
214.893,29.80,30.00,11
215.162,29.80,30.00,11
215.432,29.80,30.00,11
215.701,29.80,30.00,11
215.970,29.80,30.00,11
216.240,29.80,30.00,11
216.509,29.80,30.00,11
216.778,29.80,30.00,11
217.048,29.80,30.00,11
217.317,29.80,30.00,11
217.586,29.89,30.00,6
217.856,29.89,30.00,6
218.124,29.80,30.00,11
218.394,29.89,30.00,6
218.662,29.80,30.00,11
218.932,29.89,30.00,6
219.201,29.89,30.00,6
219.470,29.89,30.00,6
219.740,29.89,30.00,6
220.009,29.89,30.00,6
220.278,29.80,30.00,11
220.548,29.89,30.00,6
220.817,29.89,30.00,6
221.085,29.89,30.00,6
221.355,29.89,30.00,6
221.624,29.89,30.00,6
221.893,29.89,30.00,6
222.162,29.89,30.00,6
222.432,29.89,30.00,6
222.701,29.89,30.00,6
222.970,29.99,30.00,0
223.240,29.89,30.00,6
223.509,29.89,30.00,6
223.778,29.89,30.00,6
224.048,29.89,30.00,6
224.316,29.89,30.00,6
224.585,29.99,30.00,0
224.855,29.99,30.00,0
225.124,29.99,30.00,0
225.393,29.89,30.00,6
225.662,29.89,30.00,6
225.932,29.99,30.00,0
226.201,29.99,30.00,0
226.469,29.99,30.00,0
226.739,29.99,30.00,0
227.008,29.99,30.00,0
227.277,29.99,30.00,0
227.547,29.99,30.00,0
227.816,29.99,30.00,0
228.085,29.99,30.00,0
228.355,29.99,30.00,0
228.624,29.99,30.00,0
228.893,29.99,30.00,0
229.163,29.99,30.00,0
229.432,29.99,30.00,0
229.700,29.99,30.00,0
229.969,29.99,30.00,0
230.239,29.99,30.00,0
230.508,29.99,30.00,0
230.777,29.99,30.00,0
231.047,29.99,30.00,0
231.316,30.08,30.00,0
231.585,30.08,30.00,0
231.855,29.99,30.00,0
232.124,30.08,30.00,0
232.393,29.99,30.00,0
232.662,30.08,30.00,0
232.931,30.08,30.00,0
233.200,30.08,30.00,0
233.469,30.08,30.00,0
233.739,30.08,30.00,0
234.008,29.99,30.00,0
234.277,30.08,30.00,0
234.547,30.08,30.00,0
234.816,30.08,30.00,0
235.084,30.08,30.00,0
235.354,30.08,30.00,0
235.623,29.99,30.00,0
235.892,30.08,30.00,0
236.162,30.08,30.00,0
236.431,30.17,30.00,0
236.700,30.08,30.00,0
236.969,30.08,30.00,0
237.239,30.08,30.00,0
237.508,30.08,30.00,0
237.777,30.08,30.00,0
238.046,30.08,30.00,0
238.315,30.17,30.00,0
238.584,30.08,30.00,0
238.854,30.08,30.00,0
239.123,30.08,30.00,0
239.392,30.08,30.00,0
239.662,30.17,30.00,0
239.931,30.26,30.00,0
240.200,30.17,30.00,0
240.470,30.17,30.00,0
240.739,30.08,30.00,0
241.008,30.17,30.00,0
241.276,30.17,30.00,0
241.546,30.17,30.00,0
241.815,30.17,30.00,0
242.084,30.17,30.00,0
242.354,30.17,30.00,0
242.623,30.17,30.00,0
242.892,30.17,30.00,0
243.162,30.17,30.00,0
243.431,30.17,30.00,0
243.700,30.17,30.00,0
243.970,30.17,30.00,0
244.239,30.17,30.00,0
244.508,30.17,30.00,0
244.776,30.17,30.00,0
245.046,30.26,30.00,0
245.315,30.17,30.00,0
245.584,30.17,30.00,0
245.854,30.17,30.00,0
246.123,30.17,30.00,0
246.392,30.17,30.00,0
246.662,30.26,30.00,0
246.931,30.35,30.00,0
247.200,30.17,30.00,0
247.470,30.26,30.00,0
247.739,30.17,30.00,0
248.008,30.26,30.00,0
248.276,30.26,30.00,0
248.546,30.26,30.00,0
248.815,30.26,30.00,0
249.084,30.26,30.00,0
249.354,30.17,30.00,0
249.623,30.26,30.00,0
249.892,30.26,30.00,0
250.162,30.26,30.00,0
250.431,30.26,30.00,0
250.700,30.26,30.00,0
250.970,30.26,30.00,0
251.239,30.26,30.00,0
251.508,30.26,30.00,0
251.777,30.26,30.00,0
252.046,30.26,30.00,0
252.315,30.26,30.00,0
252.584,30.26,30.00,0
252.854,30.26,30.00,0
253.123,30.26,30.00,0
253.392,30.26,30.00,0
253.662,30.26,30.00,0
253.930,30.35,30.00,0
254.199,30.26,30.00,0
254.469,30.26,30.00,0
254.739,30.26,30.00,0
255.007,30.26,30.00,0
255.277,30.35,30.00,0
255.546,30.35,30.00,0
255.815,30.26,30.00,0
256.084,30.26,30.00,0
256.354,30.26,30.00,0
256.623,30.26,30.00,0
256.892,30.35,30.00,0
257.162,30.35,30.00,0
257.430,30.35,30.00,0
257.699,30.35,30.00,0
257.969,30.35,30.00,0
258.238,30.26,30.00,0
258.507,30.35,30.00,0
258.777,30.35,30.00,0
259.046,30.35,30.00,0
259.315,30.35,30.00,0
259.585,30.35,30.00,0
259.854,30.35,30.00,0
260.123,30.26,30.00,0
260.392,30.35,30.00,0
260.662,30.35,30.00,0
260.931,30.35,30.00,0
261.199,30.45,30.00,0
261.469,30.35,30.00,0
261.738,30.35,30.00,0
262.007,30.35,30.00,0
262.277,30.35,30.00,0
262.546,30.35,30.00,0
262.815,30.45,30.00,0
263.085,30.35,30.00,0
263.354,30.35,30.00,0
263.623,30.35,30.00,0
263.892,30.35,30.00,0
264.162,30.35,30.00,0
264.430,30.45,30.00,0
264.699,30.35,30.00,0
264.969,30.35,30.00,0
265.238,30.35,30.00,0
265.507,30.35,30.00,0
265.777,30.35,30.00,0
266.046,30.35,30.00,0
266.315,30.45,30.00,0
266.585,30.35,30.00,0
266.854,30.35,30.00,0
267.123,30.35,30.00,0
267.393,30.45,30.00,0
267.661,30.45,30.00,0
267.930,30.45,30.00,0
268.199,30.45,30.00,0
268.469,30.35,30.00,0
268.738,30.45,30.00,0
269.007,30.35,30.00,0
269.277,30.45,30.00,0
269.546,30.45,30.00,0
269.815,30.45,30.00,0
270.084,30.45,30.00,0
270.353,30.45,30.00,0
270.622,30.35,30.00,0
270.892,30.35,30.00,0
271.161,30.45,30.00,0
271.430,30.45,30.00,0
271.699,30.45,30.00,0
271.969,30.45,30.00,0
272.238,30.45,30.00,0
272.507,30.45,30.00,0
272.777,30.45,30.00,0
273.046,30.45,30.00,0
273.314,30.45,30.00,0
273.584,30.45,30.00,0
273.853,30.45,30.00,0
274.122,30.45,30.00,0
274.392,30.45,30.00,0
274.661,30.45,30.00,0
274.930,30.54,30.00,0
275.200,30.45,30.00,0
275.469,30.45,30.00,0
275.738,30.45,30.00,0
276.007,30.63,30.00,0
276.277,30.45,30.00,0
276.545,30.54,30.00,0
276.814,30.82,30.00,0
277.084,30.45,30.00,0
277.353,30.45,30.00,0
277.622,30.45,30.00,0
277.892,30.45,30.00,0
278.161,30.45,30.00,0
278.430,30.45,30.00,0
278.700,30.45,30.00,0
278.969,30.45,30.00,0
279.238,30.45,30.00,0
279.507,30.45,30.00,0
279.777,30.45,30.00,0
280.045,30.54,30.00,0
280.314,30.54,30.00,0
280.584,30.45,30.00,0
280.853,30.45,30.00,0
281.122,30.54,30.00,0
281.392,30.54,30.00,0
281.661,30.54,30.00,0
281.930,30.54,30.00,0
282.200,30.54,30.00,0
282.469,30.54,30.00,0
282.738,30.45,30.00,0
283.008,30.54,30.00,0
283.276,30.54,30.00,0
283.545,30.54,30.00,0
283.814,30.54,30.00,0
284.084,30.54,30.00,0
284.353,30.45,30.00,0
284.622,30.54,30.00,0
284.892,30.54,30.00,0
285.161,30.54,30.00,0
285.430,30.35,30.00,0
285.700,30.54,30.00,0
285.969,30.45,30.00,0
286.238,30.54,30.00,0
286.507,30.54,30.00,0
286.776,30.54,30.00,0
287.045,30.54,30.00,0
287.314,30.54,30.00,0
287.584,30.54,30.00,0
287.853,30.54,30.00,0
288.122,30.54,30.00,0
288.392,30.54,30.00,0
288.661,30.63,30.00,0
288.930,30.54,30.00,0
289.200,30.54,30.00,0
289.469,30.54,30.00,0
289.737,30.54,30.00,0
290.007,30.54,30.00,0
290.276,30.54,30.00,0
290.545,30.54,30.00,0
290.814,30.54,30.00,0
291.084,30.54,30.00,0
291.353,30.54,30.00,0
291.622,30.54,30.00,0
291.892,30.54,30.00,0
292.161,30.63,30.00,0
292.429,30.54,30.00,0
292.699,30.54,30.00,0
292.968,30.35,30.00,0
293.237,30.54,30.00,0
293.507,30.54,30.00,0
293.776,30.54,30.00,0
294.045,30.54,30.00,0
294.315,30.54,30.00,0
294.584,30.54,30.00,0
294.853,30.54,30.00,0
295.122,30.54,30.00,0
295.392,30.54,30.00,0
295.660,30.63,30.00,0
295.929,30.63,30.00,0
296.199,30.54,30.00,0
296.468,30.54,30.00,0
296.737,30.45,30.00,0
297.007,30.63,30.00,0
297.276,30.63,30.00,0
297.545,30.63,30.00,0
297.815,30.63,30.00,0
298.084,30.54,30.00,0
298.353,30.54,30.00,0
298.622,30.54,30.00,0
298.891,30.63,30.00,0
299.160,30.63,30.00,0
299.429,30.63,30.00,0
299.699,30.63,30.00,0
299.968,30.63,30.00,0
300.237,30.54,30.00,0
300.507,30.63,30.00,0
300.776,30.63,30.00,0
301.045,30.63,30.00,0
301.315,30.63,30.00,0
301.584,30.63,30.00,0
301.853,30.54,30.00,0
302.123,30.63,30.00,0
302.391,30.63,30.00,0
302.660,30.63,30.00,0
302.929,30.63,30.00,0
303.199,30.63,30.00,0
303.468,30.63,30.00,0
303.737,30.54,30.00,0
304.007,30.63,30.00,0
304.276,30.63,30.00,0
304.545,30.63,30.00,0
304.815,30.63,30.00,0
305.084,30.63,30.00,0
305.353,30.63,30.00,0
305.623,30.63,30.00,0
305.891,30.63,30.00,0
306.160,30.63,30.00,0
306.429,30.63,30.00,0
306.699,30.63,30.00,0
306.968,30.63,30.00,0
307.237,30.63,30.00,0
307.507,30.63,30.00,0
307.776,30.63,30.00,0
308.045,30.63,30.00,0
308.314,30.63,30.00,0
308.583,30.63,30.00,0
308.852,30.63,30.00,0
309.122,30.63,30.00,0
309.391,30.63,30.00,0
309.660,30.63,30.00,0
309.929,30.63,30.00,0
310.199,30.63,30.00,0
310.468,30.63,30.00,0
310.737,30.63,30.00,0
311.007,30.63,30.00,0
311.276,30.63,30.00,0
311.544,30.63,30.00,0
311.814,30.63,30.00,0
312.083,30.63,30.00,0
312.352,30.63,30.00,0
312.622,30.63,30.00,0
312.891,30.63,30.00,0
313.160,30.63,30.00,0
313.430,30.72,30.00,0
313.699,30.63,30.00,0
313.968,30.63,30.00,0
314.237,30.63,30.00,0
314.507,30.63,30.00,0
314.776,30.63,30.00,0
315.044,30.72,30.00,0
315.314,30.63,30.00,0
315.583,30.63,30.00,0
315.852,30.63,30.00,0
316.122,30.63,30.00,0
316.391,30.63,30.00,0
316.660,30.72,30.00,0
316.930,30.63,30.00,0
317.199,30.63,30.00,0
317.468,30.63,30.00,0
317.737,30.63,30.00,0
318.007,30.63,30.00,0
318.275,30.63,30.00,0
318.544,30.72,30.00,0
318.814,30.63,30.00,0
319.083,30.63,30.00,0
319.352,30.63,30.00,0
319.622,30.63,30.00,0
319.891,30.72,30.00,0
320.160,30.72,30.00,0
320.430,30.82,30.00,0
320.699,30.63,30.00,0
320.968,30.63,30.00,0
321.238,30.72,30.00,0
321.506,30.72,30.00,0
321.775,30.72,30.00,0
322.044,31.00,30.00,0
322.314,30.63,30.00,0
322.583,30.72,30.00,0
322.852,30.63,30.00,0
323.122,30.63,30.00,0
323.391,30.72,30.00,0
323.660,30.72,30.00,0
323.929,30.72,30.00,0
324.199,30.72,30.00,0
324.468,30.63,30.00,0
324.737,30.72,30.00,0
325.006,30.72,30.00,0
325.275,30.72,30.00,0
325.544,30.72,30.00,0
325.814,30.72,30.00,0
326.083,30.72,30.00,0
326.352,30.72,30.00,0
326.622,30.72,30.00,0
326.891,30.72,30.00,0
327.160,30.72,30.00,0
327.430,30.72,30.00,0
327.699,30.63,30.00,0
327.967,30.63,30.00,0
328.237,30.72,30.00,0
328.506,30.72,30.00,0
328.775,30.72,30.00,0
329.044,30.72,30.00,0
329.314,30.72,30.00,0
329.583,30.63,30.00,0
329.852,30.72,30.00,0
330.122,30.72,30.00,0
330.391,30.72,30.00,0
330.660,30.72,30.00,0
330.930,30.72,30.00,0
331.199,30.63,30.00,0
331.468,30.72,30.00,0
331.737,30.72,30.00,0
332.006,30.72,30.00,0
332.275,30.72,30.00,0
332.545,30.72,30.00,0
332.814,30.72,30.00,0
333.083,30.72,30.00,0
333.352,30.72,30.00,0
333.622,30.72,30.00,0
333.890,30.72,30.00,0
334.159,30.72,30.00,0
334.429,30.72,30.00,0
334.698,30.63,30.00,0
334.967,30.72,30.00,0
335.237,30.72,30.00,0
335.506,30.72,30.00,0
335.775,30.72,30.00,0
336.045,30.72,30.00,0
336.314,30.72,30.00,0
336.583,30.63,30.00,0
336.852,30.72,30.00,0
337.122,30.72,30.00,0
337.390,30.72,30.00,0
337.659,30.72,30.00,0
337.929,30.72,30.00,0
338.198,30.63,30.00,0
338.467,30.72,30.00,0
338.737,30.72,30.00,0
339.006,30.72,30.00,0
339.275,30.72,30.00,0
339.545,30.72,30.00,0
339.814,30.72,30.00,0
340.083,30.63,30.00,0
340.353,30.72,30.00,0
340.621,30.72,30.00,0
340.890,30.72,30.00,0
341.159,30.72,30.00,0
341.429,30.72,30.00,0
341.698,30.72,30.00,0
341.967,30.63,30.00,0
342.237,30.72,30.00,0
342.506,30.72,30.00,0
342.775,30.72,30.00,0
343.045,30.72,30.00,0
343.314,30.72,30.00,0
343.583,30.72,30.00,0
343.853,30.72,30.00,0
344.122,30.72,30.00,0
344.390,30.72,30.00,0
344.659,30.72,30.00,0
344.929,30.54,30.00,0
345.198,30.72,30.00,0
345.467,30.72,30.00,0
345.737,30.72,30.00,0
346.006,30.72,30.00,0
346.275,30.72,30.00,0
346.544,30.72,30.00,0
346.813,30.72,30.00,0
347.082,30.72,30.00,0
347.352,30.63,30.00,0
347.621,30.72,30.00,0
347.890,30.72,30.00,0
348.160,30.72,30.00,0
348.429,30.72,30.00,0
348.698,30.72,30.00,0
348.967,30.72,30.00,0
349.237,30.72,30.00,0
349.506,30.72,30.00,0
349.775,30.72,30.00,0
350.044,30.72,30.00,0
350.313,30.72,30.00,0
350.582,30.72,30.00,0
350.852,30.72,30.00,0
351.121,30.72,30.00,0
351.390,30.63,30.00,0
351.660,30.72,30.00,0
351.929,30.72,30.00,0
352.198,30.72,30.00,0
352.467,30.72,30.00,0
352.737,30.72,30.00,0
353.006,30.72,30.00,0
353.275,30.72,30.00,0
353.544,30.72,30.00,0
353.813,30.72,30.00,0
354.082,30.72,30.00,0
354.352,30.72,30.00,0
354.621,30.72,30.00,0
354.890,30.72,30.00,0
355.160,30.72,30.00,0
355.429,30.72,30.00,0
355.698,30.72,30.00,0
355.968,30.72,30.00,0
356.237,30.72,30.00,0
356.506,30.72,30.00,0
356.775,30.72,30.00,0
357.045,30.72,30.00,0
357.313,30.72,30.00,0
357.582,30.72,30.00,0
357.852,30.63,30.00,0
358.121,30.72,30.00,0
358.390,30.72,30.00,0
358.660,31.00,30.00,0
358.929,30.54,30.00,0
359.198,30.72,30.00,0
359.468,30.72,30.00,0
359.737,30.72,30.00,0
360.006,30.72,30.00,0
360.275,30.72,30.00,0
360.544,30.82,30.00,0
360.813,30.72,30.00,0
361.082,30.72,30.00,0
361.352,30.63,30.00,0
361.621,30.72,30.00,0
361.890,30.72,30.00,0
362.160,30.72,30.00,0
362.429,30.72,30.00,0
362.698,30.72,30.00,0
362.968,30.72,30.00,0
363.237,30.72,30.00,0
363.506,30.72,30.00,0
363.774,30.72,30.00,0
364.044,30.45,30.00,0
364.313,30.72,30.00,0
364.582,30.72,30.00,0
364.852,30.72,30.00,0
365.121,30.72,30.00,0
365.390,30.72,30.00,0
365.660,30.72,30.00,0
365.929,30.72,30.00,0
366.198,30.72,30.00,0
366.468,30.72,30.00,0
366.737,30.72,30.00,0
367.006,30.72,30.00,0
367.275,30.72,30.00,0
367.544,30.72,30.00,0
367.813,30.72,30.00,0
368.082,30.72,30.00,0
368.352,30.72,30.00,0
368.621,30.72,30.00,0
368.890,30.72,30.00,0
369.160,30.72,30.00,0
369.429,30.72,30.00,0
369.698,30.72,30.00,0
369.968,30.72,30.00,0
370.237,30.72,30.00,0
370.505,30.72,30.00,0
370.775,30.72,30.00,0
371.044,30.72,30.00,0
371.313,30.72,30.00,0
371.582,30.72,30.00,0
371.852,30.63,30.00,0
372.121,30.72,30.00,0
372.390,30.72,30.00,0
372.660,30.72,30.00,0
372.929,30.72,30.00,0
373.198,30.72,30.00,0
373.468,30.63,30.00,0
373.737,30.72,30.00,0
374.005,30.72,30.00,0
374.275,30.72,30.00,0
374.544,30.72,30.00,0
374.813,30.72,30.00,0
375.083,30.72,30.00,0
375.352,30.72,30.00,0
375.621,30.72,30.00,0
375.890,30.72,30.00,0
376.160,30.72,30.00,0
376.429,30.72,30.00,0
376.698,30.72,30.00,0
376.967,30.72,30.00,0
377.236,30.72,30.00,0
377.505,30.72,30.00,0
377.775,30.72,30.00,0
378.044,30.72,30.00,0
378.313,30.72,30.00,0
378.583,30.63,30.00,0
378.852,30.72,30.00,0
379.121,30.72,30.00,0
379.390,30.72,30.00,0
379.659,30.72,30.00,0
379.928,30.72,30.00,0
380.198,30.63,30.00,0
380.467,30.72,30.00,0
380.736,30.72,30.00,0
381.005,30.72,30.00,0
381.275,30.72,30.00,0
381.544,30.72,30.00,0
381.813,30.72,30.00,0
382.083,30.72,30.00,0
382.352,30.72,30.00,0
382.621,30.72,30.00,0
382.889,30.72,30.00,0
383.159,30.72,30.00,0
383.428,30.72,30.00,0
383.697,30.63,30.00,0
383.967,30.72,30.00,0
384.236,30.72,30.00,0
384.505,30.72,30.00,0
384.775,30.72,30.00,0
385.044,30.72,30.00,0
385.313,30.63,30.00,0
385.583,30.72,30.00,0
385.852,30.72,30.00,0
386.120,30.72,30.00,0
386.390,30.72,30.00,0
386.659,30.72,30.00,0
386.928,30.72,30.00,0
387.197,30.72,30.00,0
387.467,30.72,30.00,0
387.736,30.72,30.00,0
388.005,30.72,30.00,0
388.275,30.63,30.00,0
388.544,30.72,30.00,0
388.813,30.63,30.00,0
389.083,30.72,30.00,0
389.351,30.72,30.00,0
389.620,30.72,30.00,0
389.890,30.72,30.00,0
390.159,30.72,30.00,0
390.428,30.63,30.00,0
390.697,30.63,30.00,0
390.967,30.72,30.00,0
391.236,30.72,30.00,0
391.505,30.72,30.00,0
391.775,30.72,30.00,0
392.044,30.72,30.00,0
392.313,30.63,30.00,0
392.582,30.72,30.00,0
392.851,30.72,30.00,0
393.120,30.72,30.00,0
393.390,30.72,30.00,0
393.659,30.72,30.00,0
393.928,30.63,30.00,0
394.198,30.72,30.00,0
394.467,30.63,30.00,0
394.736,30.72,30.00,0
395.005,30.72,30.00,0
395.275,30.63,30.00,0
395.544,30.63,30.00,0
395.812,30.72,30.00,0
396.082,30.63,30.00,0
396.351,30.72,30.00,0
396.620,30.63,30.00,0
396.890,30.63,30.00,0
397.159,30.63,30.00,0
397.428,30.63,30.00,0
397.698,30.72,30.00,0
397.967,30.72,30.00,0
398.236,30.72,30.00,0
398.504,30.63,30.00,0
398.775,30.63,30.00,0
399.043,30.63,30.00,0
399.312,30.72,30.00,0
399.582,30.63,30.00,0
399.851,30.72,30.00,0
400.120,30.63,30.00,0
400.390,30.63,30.00,0
400.659,30.63,30.00,0
400.928,30.63,30.00,0
401.198,30.63,30.00,0
401.466,30.72,30.00,0
401.735,30.63,30.00,0
402.004,30.63,30.00,0
402.274,30.63,30.00,0
402.543,30.63,30.00,0
402.812,30.63,30.00,0
403.082,30.72,30.00,0
403.351,30.63,30.00,0
403.620,30.63,30.00,0
403.890,30.63,30.00,0
404.159,30.63,30.00,0
404.428,30.63,30.00,0
404.698,30.72,30.00,0
404.966,30.72,30.00,0
405.235,30.72,30.00,0
405.505,30.63,30.00,0
405.774,30.63,30.00,0
406.043,30.63,30.00,0
406.312,30.72,30.00,0
406.582,30.63,30.00,0
406.851,30.63,30.00,0
407.120,30.63,30.00,0
407.390,30.63,30.00,0
407.659,30.63,30.00,0
407.927,30.63,30.00,0
408.197,30.72,30.00,0
408.466,30.63,30.00,0
408.735,30.63,30.00,0
409.005,30.63,30.00,0
409.274,30.63,30.00,0
409.543,30.63,30.00,0
409.812,30.72,30.00,0
410.082,30.63,30.00,0
410.351,30.63,30.00,0
410.620,30.54,30.00,0
410.890,30.63,30.00,0
411.158,30.63,30.00,0
411.427,30.63,30.00,0
411.697,30.63,30.00,0
411.966,30.63,30.00,0
412.235,30.63,30.00,0
412.505,30.63,30.00,0
412.774,30.63,30.00,0
413.043,30.63,30.00,0
413.313,30.63,30.00,0
413.582,30.63,30.00,0
413.851,30.63,30.00,0
414.120,30.63,30.00,0
414.389,30.63,30.00,0
414.658,30.63,30.00,0
414.927,30.63,30.00,0
415.197,30.63,30.00,0
415.466,30.63,30.00,0
415.735,30.63,30.00,0
416.005,30.63,30.00,0
416.274,30.63,30.00,0
416.543,30.63,30.00,0
416.813,30.72,30.00,0
417.081,30.63,30.00,0
417.350,30.63,30.00,0
417.619,30.63,30.00,0
417.889,30.63,30.00,0
418.158,30.63,30.00,0
418.427,30.63,30.00,0
418.697,30.63,30.00,0
418.966,30.63,30.00,0
419.235,30.63,30.00,0
419.505,30.54,30.00,0
419.774,30.63,30.00,0
420.043,30.63,30.00,0
420.312,30.63,30.00,0
420.581,30.63,30.00,0
420.850,30.63,30.00,0
421.120,30.54,30.00,0
421.389,30.63,30.00,0
421.658,30.63,30.00,0
421.927,30.63,30.00,0
422.197,30.63,30.00,0
422.466,30.63,30.00,0
422.735,30.63,30.00,0
423.005,30.54,30.00,0
423.274,30.63,30.00,0
423.543,30.63,30.00,0
423.812,30.63,30.00,0
424.081,30.63,30.00,0
424.350,30.63,30.00,0
424.620,30.54,30.00,0
424.889,30.63,30.00,0
425.158,30.63,30.00,0
425.427,30.63,30.00,0
425.697,30.63,30.00,0
425.966,30.63,30.00,0
426.235,30.63,30.00,0
426.505,30.54,30.00,0
426.773,30.63,30.00,0
427.042,30.63,30.00,0
427.312,30.63,30.00,0
427.581,30.63,30.00,0
427.850,30.63,30.00,0
428.120,30.54,30.00,0
428.389,30.63,30.00,0
428.658,30.63,30.00,0
428.928,30.63,30.00,0
429.197,30.63,30.00,0
429.466,30.63,30.00,0
429.735,30.54,30.00,0
430.004,30.63,30.00,0
430.273,30.63,30.00,0
430.542,30.63,30.00,0
430.812,30.63,30.00,0
431.081,30.63,30.00,0
431.350,30.54,30.00,0
431.620,30.54,30.00,0
431.889,30.63,30.00,0
432.158,30.63,30.00,0
432.428,30.54,30.00,0
432.697,30.63,30.00,0
432.966,30.54,30.00,0
433.234,30.54,30.00,0
433.504,30.63,30.00,0
433.773,30.54,30.00,0
434.042,30.63,30.00,0
434.312,30.54,30.00,0
434.581,30.54,30.00,0
434.850,30.54,30.00,0
435.120,30.54,30.00,0
435.389,30.63,30.00,0
435.657,30.63,30.00,0
435.927,30.54,30.00,0
436.196,30.54,30.00,0
436.465,30.54,30.00,0
436.734,30.54,30.00,0
437.004,30.54,30.00,0
437.273,30.63,30.00,0
437.542,30.63,30.00,0
437.812,30.54,30.00,0
438.081,30.54,30.00,0
438.350,30.54,30.00,0
438.620,30.54,30.00,0
438.888,30.63,30.00,0
439.157,30.54,30.00,0
439.427,30.54,30.00,0
439.696,30.54,30.00,0
439.965,30.54,30.00,0
440.235,30.54,30.00,0
440.504,30.54,30.00,0
440.773,30.63,30.00,0
441.042,30.54,30.00,0
441.312,30.54,30.00,0
441.581,30.54,30.00,0
441.850,30.54,30.00,0
442.119,30.54,30.00,0
442.388,30.63,30.00,0
442.657,30.72,30.00,0
442.927,30.54,30.00,0
443.196,30.54,30.00,0
443.465,30.54,30.00,0
443.735,30.54,30.00,0
444.004,30.54,30.00,0
444.273,30.54,30.00,0
444.541,30.54,30.00,0
444.812,30.54,30.00,0
445.081,30.54,30.00,0
445.349,30.54,30.00,0
445.619,30.54,30.00,0
445.888,30.54,30.00,0
446.157,30.54,30.00,0
446.427,30.54,30.00,0
446.696,30.54,30.00,0
446.965,30.54,30.00,0
447.235,30.54,30.00,0
447.504,30.54,30.00,0
447.773,30.54,30.00,0
448.041,30.54,30.00,0
448.312,30.54,30.00,0
448.580,30.54,30.00,0
448.849,30.54,30.00,0
449.119,30.54,30.00,0
449.388,30.54,30.00,0
449.657,30.63,30.00,0
449.927,30.54,30.00,0
450.196,30.54,30.00,0
450.465,30.54,30.00,0
450.735,30.54,30.00,0
451.003,30.54,30.00,0
451.272,30.54,30.00,0
451.542,30.54,30.00,0
451.811,30.54,30.00,0
452.080,30.54,30.00,0
452.349,30.54,30.00,0
452.619,30.54,30.00,0
452.888,30.54,30.00,0
453.157,30.54,30.00,0
453.427,30.54,30.00,0
453.696,30.54,30.00,0
453.965,30.54,30.00,0
454.235,30.54,30.00,0
454.503,30.54,30.00,0
454.772,30.54,30.00,0
455.042,30.54,30.00,0
455.311,30.45,30.00,0
455.580,30.54,30.00,0
455.849,30.54,30.00,0
456.119,30.54,30.00,0
456.388,30.54,30.00,0
456.657,30.54,30.00,0
456.927,30.45,30.00,0
457.196,30.54,30.00,0
457.465,30.54,30.00,0
457.734,30.63,30.00,0
458.003,30.54,30.00,0
458.272,30.54,30.00,0
458.542,30.45,30.00,0
458.811,30.35,30.00,0
459.080,30.54,30.00,0
459.350,30.54,30.00,0
459.619,30.54,30.00,0
459.888,30.54,30.00,0
460.157,30.54,30.00,0
460.427,30.45,30.00,0
460.696,30.54,30.00,0
460.964,30.54,30.00,0
461.234,30.54,30.00,0
461.503,30.54,30.00,0
461.772,30.45,30.00,0
462.042,30.45,30.00,0
462.311,30.54,30.00,0
462.580,30.54,30.00,0
462.850,30.54,30.00,0
463.119,30.54,30.00,0
463.388,30.45,30.00,0
463.657,30.45,30.00,0
463.927,30.54,30.00,0
464.195,30.45,30.00,0
464.464,30.54,30.00,0
464.734,30.54,30.00,0
465.003,30.54,30.00,0
465.272,30.45,30.00,0
465.542,30.45,30.00,0
465.811,30.45,30.00,0
466.080,30.54,30.00,0
466.350,30.54,30.00,0
466.619,30.45,30.00,0
466.888,30.45,30.00,0
467.158,30.45,30.00,0
467.426,30.45,30.00,0
467.695,30.45,30.00,0
467.964,30.54,30.00,0
468.234,30.45,30.00,0
468.503,30.45,30.00,0
468.772,30.45,30.00,0
469.042,30.45,30.00,0
469.311,30.45,30.00,0
469.580,30.54,30.00,0
469.850,30.45,30.00,0
470.119,30.45,30.00,0
470.388,30.45,30.00,0
470.658,30.45,30.00,0
470.926,30.45,30.00,0
471.195,30.54,30.00,0
471.464,30.45,30.00,0
471.734,30.45,30.00,0
472.003,30.45,30.00,0
472.272,30.45,30.00,0
472.542,30.45,30.00,0
472.811,30.45,30.00,0
473.080,30.45,30.00,0
473.350,30.45,30.00,0
473.619,30.45,30.00,0
473.888,30.45,30.00,0
474.157,30.45,30.00,0
474.426,30.54,30.00,0
474.695,30.45,30.00,0
474.964,30.45,30.00,0
475.234,30.45,30.00,0
475.503,30.45,30.00,0
475.772,30.45,30.00,0
476.042,30.45,30.00,0
476.311,30.45,30.00,0
476.580,30.45,30.00,0
476.850,30.45,30.00,0
477.119,30.45,30.00,0
477.388,30.45,30.00,0
477.657,30.45,30.00,0
477.926,30.45,30.00,0
478.195,30.45,30.00,0
478.465,30.45,30.00,0
478.734,30.35,30.00,0
479.003,30.45,30.00,0
479.272,30.45,30.00,0
479.542,30.45,30.00,0
479.811,30.45,30.00,0
480.080,30.45,30.00,0
480.350,30.35,30.00,0
480.619,30.45,30.00,0
480.887,30.45,30.00,0
481.157,30.45,30.00,0
481.426,30.45,30.00,0
481.695,30.45,30.00,0
481.965,30.45,30.00,0
482.234,30.45,30.00,0
482.503,30.45,30.00,0
482.772,30.45,30.00,0
483.042,30.45,30.00,0
483.311,30.45,30.00,0
483.580,30.45,30.00,0
483.850,30.35,30.00,0
484.119,30.45,30.00,0
484.387,30.45,30.00,0
484.657,30.45,30.00,0
484.926,30.45,30.00,0
485.195,30.45,30.00,0
485.465,30.35,30.00,0
485.734,30.35,30.00,0
486.003,30.45,30.00,0
486.273,30.45,30.00,0
486.542,30.45,30.00,0
486.811,30.45,30.00,0
487.080,30.45,30.00,0
487.350,30.26,30.00,0
487.619,30.45,30.00,0
487.887,30.45,30.00,0
488.157,30.45,30.00,0
488.426,30.45,30.00,0
488.695,30.45,30.00,0
488.965,30.35,30.00,0
489.234,30.35,30.00,0
489.503,30.45,30.00,0
489.773,30.45,30.00,0
490.042,30.45,30.00,0
490.311,30.45,30.00,0
490.580,30.35,30.00,0
490.850,30.35,30.00,0
491.119,30.45,30.00,0
491.387,30.35,30.00,0
491.657,30.45,30.00,0
491.926,30.45,30.00,0
492.195,30.35,30.00,0
492.465,30.35,30.00,0
492.734,30.35,30.00,0
493.003,30.35,30.00,0
493.273,30.35,30.00,0
493.542,30.45,30.00,0
493.811,30.35,30.00,0
494.081,30.35,30.00,0
494.350,30.35,30.00,0
494.619,30.45,30.00,0
494.887,30.35,30.00,0
495.157,30.45,30.00,0
495.426,30.45,30.00,0
495.695,30.35,30.00,0
495.965,30.35,30.00,0
496.234,30.35,30.00,0
496.503,30.35,30.00,0
496.773,30.35,30.00,0
497.042,30.35,30.00,0
497.311,30.35,30.00,0
497.581,30.35,30.00,0
497.850,30.35,30.00,0
498.119,30.35,30.00,0
498.387,30.35,30.00,0
498.657,30.35,30.00,0
498.926,30.35,30.00,0
499.195,30.35,30.00,0
499.465,30.35,30.00,0
499.734,30.35,30.00,0
500.003,30.35,30.00,0
500.273,30.35,30.00,0
500.541,30.45,30.00,0
500.810,30.35,30.00,0
501.080,30.35,30.00,0
501.349,30.35,30.00,0
501.618,30.35,30.00,0
501.888,30.35,30.00,0
502.157,30.35,30.00,0
502.426,30.35,30.00,0
502.695,30.35,30.00,0
502.965,30.35,30.00,0
503.234,30.35,30.00,0
503.503,30.35,30.00,0
503.773,30.35,30.00,0
504.042,30.35,30.00,0
504.310,30.35,30.00,0
504.580,30.35,30.00,0
504.849,30.35,30.00,0
505.118,30.35,30.00,0
505.388,30.35,30.00,0
505.657,30.35,30.00,0
505.926,30.35,30.00,0
506.195,30.35,30.00,0
506.465,30.35,30.00,0
506.734,30.26,30.00,0
507.003,30.35,30.00,0
507.273,30.35,30.00,0
507.542,30.35,30.00,0
507.810,30.35,30.00,0
508.080,30.35,30.00,0
508.349,30.35,30.00,0
508.618,30.35,30.00,0
508.888,30.35,30.00,0
509.157,30.35,30.00,0
509.426,30.35,30.00,0
509.696,30.35,30.00,0
509.965,30.35,30.00,0
510.234,30.35,30.00,0
510.503,30.26,30.00,0
510.773,30.35,30.00,0
511.042,30.35,30.00,0
511.310,30.35,30.00,0
511.580,30.35,30.00,0
511.849,30.35,30.00,0
512.118,30.26,30.00,0
512.388,30.35,30.00,0
512.657,30.26,30.00,0
512.926,30.35,30.00,0
513.196,30.35,30.00,0
513.465,30.35,30.00,0
513.734,30.35,30.00,0
514.003,30.26,30.00,0
514.273,30.26,30.00,0
514.541,30.35,30.00,0
514.810,30.35,30.00,0
515.080,30.35,30.00,0
515.349,30.26,30.00,0
515.618,30.26,30.00,0
515.888,30.26,30.00,0
516.157,30.35,30.00,0
516.426,30.35,30.00,0
516.696,30.35,30.00,0
516.965,30.35,30.00,0
517.234,30.26,30.00,0
517.504,30.26,30.00,0
517.773,30.26,30.00,0
518.042,30.26,30.00,0
518.310,30.26,30.00,0
518.580,30.35,30.00,0
518.849,30.26,30.00,0
519.118,30.26,30.00,0
519.388,30.26,30.00,0
519.657,30.26,30.00,0
519.926,30.26,30.00,0
520.196,30.26,30.00,0
520.465,30.35,30.00,0
520.733,30.26,30.00,0
521.003,30.26,30.00,0
521.273,30.35,30.00,0
521.541,30.54,30.00,0
521.810,30.26,30.00,0
522.080,30.26,30.00,0
522.349,30.26,30.00,0
522.618,30.26,30.00,0
522.888,30.26,30.00,0
523.157,30.35,30.00,0
523.426,30.26,30.00,0
523.696,30.26,30.00,0
523.965,30.26,30.00,0
524.233,30.26,30.00,0
524.503,30.26,30.00,0
524.772,30.26,30.00,0
525.042,30.26,30.00,0
525.310,30.26,30.00,0
525.580,30.26,30.00,0
525.849,30.26,30.00,0
526.118,30.26,30.00,0
526.388,30.26,30.00,0
526.657,30.26,30.00,0
526.926,30.26,30.00,0
527.196,30.26,30.00,0
527.465,30.26,30.00,0
527.734,30.26,30.00,0
528.003,30.26,30.00,0
528.272,30.26,30.00,0
528.542,30.17,30.00,0
528.811,30.26,30.00,0
529.080,30.26,30.00,0
529.349,30.26,30.00,0
529.618,30.26,30.00,0
529.888,30.26,30.00,0
530.157,30.26,30.00,0
530.426,30.26,30.00,0
530.696,30.26,30.00,0
530.965,30.26,30.00,0
531.233,30.26,30.00,0
531.503,30.26,30.00,0
531.772,30.26,30.00,0
532.041,30.26,30.00,0
