Tempo (s),Temp Atual (C),Temp Desejada (C),PWM
0.034,27.44,30.00,179
0.304,27.44,30.00,179
0.573,27.35,30.00,185
0.842,27.44,30.00,179
1.111,27.44,30.00,179
1.380,27.44,30.00,179
1.649,27.44,30.00,179
1.918,27.35,30.00,185
2.188,27.44,30.00,179
2.457,27.35,30.00,185
2.725,27.44,30.00,179
2.995,27.44,30.00,179
3.264,27.44,30.00,179
3.533,27.44,30.00,179
3.803,27.44,30.00,179
4.071,27.35,30.00,185
4.340,27.44,30.00,179
4.610,27.53,30.00,172
4.878,27.35,30.00,185
5.147,27.35,30.00,185
5.416,27.44,30.00,179
5.685,27.35,30.00,185
5.954,27.35,30.00,185
6.223,27.35,30.00,185
6.492,27.35,30.00,185
6.761,27.44,30.00,179
7.030,27.35,30.00,185
7.300,27.35,30.00,185
7.568,27.35,30.00,185
7.837,27.53,30.00,172
8.107,27.35,30.00,185
8.376,27.35,30.00,185
8.645,27.35,30.00,185
8.914,27.71,30.00,160
9.184,27.35,30.00,185
9.453,27.35,30.00,185
9.722,27.17,30.00,197
9.992,27.35,30.00,185
10.261,27.35,30.00,185
10.530,27.53,30.00,172
10.800,27.26,30.00,191
11.069,27.35,30.00,185
11.338,27.08,30.00,204
11.608,27.44,30.00,179
11.877,27.35,30.00,185
12.146,27.35,30.00,185
12.416,27.53,30.00,172
12.685,27.26,30.00,191
12.954,27.35,30.00,185
13.223,27.26,30.00,191
13.493,27.71,30.00,160
13.762,27.35,30.00,185
14.031,27.62,30.00,166
14.301,27.71,30.00,160
14.570,27.35,30.00,185
14.839,27.35,30.00,185
15.109,27.44,30.00,179
15.378,27.35,30.00,185
15.647,27.35,30.00,185
15.917,27.26,30.00,191
16.186,26.91,30.00,216
16.455,27.35,30.00,185
16.724,27.35,30.00,185
16.994,27.44,30.00,179
17.263,27.35,30.00,185
17.531,27.35,30.00,185
17.801,26.91,30.00,216
18.070,27.35,30.00,185
18.339,27.35,30.00,185
18.609,27.44,30.00,179
18.879,27.71,30.00,160
19.148,27.35,30.00,185
19.417,27.53,30.00,172
19.686,27.35,30.00,185
19.955,27.44,30.00,179
20.225,27.35,30.00,185
20.494,27.35,30.00,185
20.763,27.35,30.00,185
21.032,27.35,30.00,185
21.302,27.44,30.00,179
21.571,27.26,30.00,191
21.840,27.35,30.00,185
22.110,27.35,30.00,185
22.379,27.53,30.00,172
22.648,27.35,30.00,185
22.918,27.35,30.00,185
23.187,27.62,30.00,166
23.456,27.17,30.00,197
23.726,27.35,30.00,185
23.995,27.35,30.00,185
24.264,27.35,30.00,185
24.534,27.35,30.00,185
24.803,27.44,30.00,179
25.072,27.35,30.00,185
25.341,27.35,30.00,185
25.611,27.35,30.00,185
25.880,27.44,30.00,179
26.149,27.35,30.00,185
26.419,27.35,30.00,185
26.687,27.35,30.00,185
26.956,27.35,30.00,185
27.226,27.35,30.00,185
27.496,27.44,30.00,179
27.765,27.53,30.00,172
28.035,27.35,30.00,185
28.303,27.44,30.00,179
28.572,27.80,30.00,153
28.841,27.44,30.00,179
29.111,27.35,30.00,185
29.380,27.35,30.00,185
29.649,27.62,30.00,166
29.919,27.35,30.00,185
30.188,27.35,30.00,185
30.457,27.26,30.00,191
30.727,27.35,30.00,185
30.996,27.44,30.00,179
31.265,27.44,30.00,179
31.535,27.35,30.00,185
31.804,27.35,30.00,185
32.073,27.80,30.00,153
32.343,27.44,30.00,179
32.612,27.44,30.00,179
32.881,27.35,30.00,185
33.150,27.35,30.00,185
33.420,27.44,30.00,179
33.689,27.44,30.00,179
33.957,27.44,30.00,179
34.228,26.91,30.00,216
34.497,27.35,30.00,185
34.766,27.44,30.00,179
35.036,27.35,30.00,185
35.304,27.44,30.00,179
35.573,27.44,30.00,179
35.843,27.53,30.00,172
36.112,27.35,30.00,185
36.381,27.44,30.00,179
36.651,27.44,30.00,179
36.920,27.62,30.00,166
37.189,27.44,30.00,179
37.458,27.80,30.00,153
37.728,27.35,30.00,185
37.997,27.35,30.00,185
38.266,27.35,30.00,185
38.536,27.35,30.00,185
38.805,27.44,30.00,179
39.074,27.44,30.00,179
39.343,27.44,30.00,179
39.612,27.80,30.00,153
39.881,27.44,30.00,179
40.151,27.53,30.00,172
40.421,27.62,30.00,166
40.690,27.44,30.00,179
40.958,27.44,30.00,179
41.228,27.44,30.00,179
41.497,27.44,30.00,179
41.766,27.44,30.00,179
42.036,27.44,30.00,179
42.305,27.26,30.00,191
42.574,27.44,30.00,179
42.844,27.35,30.00,185
43.113,27.44,30.00,179
43.382,27.44,30.00,179
43.652,27.44,30.00,179
43.921,27.53,30.00,172
44.190,27.44,30.00,179
44.460,27.44,30.00,179
44.729,27.44,30.00,179
44.998,27.62,30.00,166
45.267,27.44,30.00,179
45.537,27.44,30.00,179
45.806,27.62,30.00,166
46.074,27.35,30.00,185
46.344,27.44,30.00,179
46.613,27.53,30.00,172
46.882,27.44,30.00,179
47.152,27.44,30.00,179
47.421,27.44,30.00,179
47.690,27.44,30.00,179
47.960,27.44,30.00,179
48.229,27.26,30.00,191
48.498,27.44,30.00,179
48.768,27.44,30.00,179
49.037,27.44,30.00,179
49.306,27.62,30.00,166
49.575,27.44,30.00,179
49.845,27.44,30.00,179
50.114,27.80,30.00,153
50.383,27.44,30.00,179
50.653,27.44,30.00,179
50.922,27.17,30.00,197
51.191,27.53,30.00,172
51.460,27.44,30.00,179
51.729,27.53,30.00,172
51.998,27.53,30.00,172
52.268,27.53,30.00,172
52.537,27.53,30.00,172
52.806,27.53,30.00,172
53.075,27.53,30.00,172
53.345,27.53,30.00,172
53.614,27.53,30.00,172
53.883,27.53,30.00,172
54.153,27.53,30.00,172
54.422,27.44,30.00,179
54.691,27.53,30.00,172
54.961,27.53,30.00,172
55.230,27.53,30.00,172
55.499,27.53,30.00,172
55.769,27.53,30.00,172
56.038,27.53,30.00,172
56.307,27.53,30.00,172
56.577,27.53,30.00,172
56.846,27.53,30.00,172
57.114,27.53,30.00,172
57.383,27.53,30.00,172
57.654,27.53,30.00,172
57.923,27.53,30.00,172
58.192,27.53,30.00,172
58.461,27.53,30.00,172
58.730,27.62,30.00,166
58.999,27.53,30.00,172
59.269,27.53,30.00,172
59.538,27.53,30.00,172
59.807,27.53,30.00,172
60.077,27.53,30.00,172
60.346,27.53,30.00,172
60.615,27.62,30.00,166
60.884,27.53,30.00,172
61.154,27.53,30.00,172
61.423,27.53,30.00,172
61.692,27.62,30.00,166
61.962,27.62,30.00,166
62.231,27.62,30.00,166
62.500,27.89,30.00,147
62.770,27.62,30.00,166
63.039,27.71,30.00,160
63.308,27.62,30.00,166
63.578,27.62,30.00,166
63.846,27.62,30.00,166
64.115,27.62,30.00,166
64.385,27.62,30.00,166
64.654,27.62,30.00,166
64.923,27.62,30.00,166
65.192,27.62,30.00,166
65.462,27.62,30.00,166
65.731,27.62,30.00,166
66.000,27.44,30.00,179
66.270,27.62,30.00,166
66.539,27.71,30.00,160
66.808,27.62,30.00,166
67.078,27.62,30.00,166
67.347,27.62,30.00,166
67.616,27.44,30.00,179
67.886,27.62,30.00,166
68.155,27.62,30.00,166
68.424,27.53,30.00,172
68.694,27.71,30.00,160
68.963,27.71,30.00,160
69.232,27.71,30.00,160
69.501,27.62,30.00,166
69.771,27.62,30.00,166
70.040,27.80,30.00,153
70.309,27.44,30.00,179
70.579,27.71,30.00,160
70.848,27.71,30.00,160
71.116,27.89,30.00,147
71.386,27.71,30.00,160
71.655,27.71,30.00,160
71.925,27.35,30.00,185
72.195,27.71,30.00,160
72.463,27.71,30.00,160
72.732,27.71,30.00,160
73.001,27.62,30.00,166
73.271,27.71,30.00,160
73.540,27.71,30.00,160
73.809,27.98,30.00,141
74.079,27.71,30.00,160
74.348,27.71,30.00,160
74.617,27.71,30.00,160
74.887,27.71,30.00,160
75.156,27.71,30.00,160
75.425,27.89,30.00,147
75.695,27.80,30.00,153
75.964,27.71,30.00,160
76.233,27.53,30.00,172
76.503,28.07,30.00,134
76.772,27.71,30.00,160
77.041,27.71,30.00,160
77.310,28.07,30.00,134
77.580,27.71,30.00,160
77.849,27.80,30.00,153
78.117,27.71,30.00,160
78.388,27.80,30.00,153
78.657,27.80,30.00,153
78.926,27.62,30.00,166
79.196,27.80,30.00,153
79.464,27.80,30.00,153
79.733,27.80,30.00,153
80.003,27.98,30.00,141
80.272,27.80,30.00,153
80.541,27.44,30.00,179
80.811,27.71,30.00,160
81.080,27.80,30.00,153
81.349,27.80,30.00,153
81.618,27.35,30.00,185
81.888,27.80,30.00,153
82.157,27.80,30.00,153
82.426,27.80,30.00,153
82.696,27.80,30.00,153
82.965,27.80,30.00,153
83.233,27.80,30.00,153
83.503,27.98,30.00,141
83.772,27.80,30.00,153
84.041,27.80,30.00,153
84.312,27.80,30.00,153
84.580,27.89,30.00,147
84.849,27.98,30.00,141
85.118,27.53,30.00,172
85.388,27.89,30.00,147
85.657,27.80,30.00,153
85.926,27.26,30.00,191
86.196,27.89,30.00,147
86.465,27.89,30.00,147
86.734,27.89,30.00,147
87.004,27.89,30.00,147
87.273,27.89,30.00,147
87.542,27.89,30.00,147
87.812,27.89,30.00,147
88.081,27.89,30.00,147
88.350,28.16,30.00,128
88.620,27.89,30.00,147
88.889,27.89,30.00,147
89.158,28.07,30.00,134
89.427,27.44,30.00,179
89.697,27.89,30.00,147
89.966,27.98,30.00,141
90.235,28.07,30.00,134
90.505,27.89,30.00,147
90.774,27.89,30.00,147
91.043,28.16,30.00,128
91.313,27.89,30.00,147
91.582,27.98,30.00,141
91.851,27.89,30.00,147
92.121,27.98,30.00,141
92.390,27.89,30.00,147
92.659,27.71,30.00,160
92.929,27.98,30.00,141
93.198,27.98,30.00,141
93.466,27.98,30.00,141
93.735,27.98,30.00,141
94.006,27.98,30.00,141
94.275,28.07,30.00,134
94.544,27.80,30.00,153
94.813,27.98,30.00,141
95.082,28.07,30.00,134
95.351,27.98,30.00,141
95.621,27.98,30.00,141
95.890,28.07,30.00,134
96.159,28.16,30.00,128
96.429,28.07,30.00,134
96.698,27.80,30.00,153
96.967,28.25,30.00,122
97.236,28.07,30.00,134
97.506,27.98,30.00,141
97.775,27.53,30.00,172
98.044,28.07,30.00,134
98.314,27.98,30.00,141
98.583,28.07,30.00,134
98.852,28.07,30.00,134
99.122,28.07,30.00,134
99.391,28.07,30.00,134
99.660,28.07,30.00,134
99.930,28.07,30.00,134
100.199,28.07,30.00,134
100.468,28.07,30.00,134
100.738,28.07,30.00,134
101.007,28.25,30.00,122
101.276,28.07,30.00,134
101.545,28.07,30.00,134
101.815,28.07,30.00,134
102.084,28.07,30.00,134
102.353,28.16,30.00,128
102.623,28.07,30.00,134
102.892,28.16,30.00,128
103.161,28.16,30.00,128
103.431,28.16,30.00,128
103.700,28.16,30.00,128
103.969,28.16,30.00,128
104.239,28.16,30.00,128
104.509,28.16,30.00,128
104.777,28.07,30.00,134
105.047,28.16,30.00,128
105.316,28.16,30.00,128
105.585,28.16,30.00,128
105.856,28.16,30.00,128
106.125,28.25,30.00,122
106.394,28.16,30.00,128
106.663,28.16,30.00,128
106.933,28.16,30.00,128
107.202,28.16,30.00,128
107.471,28.16,30.00,128
107.741,28.07,30.00,134
108.010,28.25,30.00,122
108.279,28.25,30.00,122
108.549,28.43,30.00,109
108.818,28.16,30.00,128
109.087,28.25,30.00,122
109.357,28.25,30.00,122
109.626,28.25,30.00,122
109.895,28.25,30.00,122
110.164,28.34,30.00,116
110.434,28.25,30.00,122
110.703,28.25,30.00,122
110.973,28.25,30.00,122
111.243,28.25,30.00,122
111.512,28.25,30.00,122
111.781,28.25,30.00,122
112.051,28.34,30.00,116
112.320,28.25,30.00,122
112.589,28.25,30.00,122
112.859,28.16,30.00,128
113.128,28.34,30.00,116
113.397,28.34,30.00,116
113.667,28.61,30.00,96
113.936,28.34,30.00,116
114.205,28.25,30.00,122
114.475,28.43,30.00,109
114.744,28.61,30.00,96
115.013,28.34,30.00,116
115.282,28.34,30.00,116
115.552,28.34,30.00,116
115.821,28.34,30.00,116
116.091,28.34,30.00,116
116.361,28.34,30.00,116
116.630,28.34,30.00,116
116.899,28.43,30.00,109
117.169,28.34,30.00,116
117.438,28.34,30.00,116
117.707,28.34,30.00,116
117.977,28.34,30.00,116
118.246,28.43,30.00,109
118.515,28.43,30.00,109
118.785,28.43,30.00,109
119.054,28.34,30.00,116
119.323,28.43,30.00,109
119.592,28.34,30.00,116
119.862,28.43,30.00,109
120.131,28.43,30.00,109
120.400,28.71,30.00,90
120.670,28.43,30.00,109
120.939,28.43,30.00,109
121.208,28.52,30.00,103
121.479,27.89,30.00,147
121.748,28.43,30.00,109
122.017,28.52,30.00,103
122.287,28.43,30.00,109
122.556,28.43,30.00,109
122.825,28.43,30.00,109
123.095,28.43,30.00,109
123.364,28.52,30.00,103
123.633,28.52,30.00,103
123.902,28.52,30.00,103
124.172,28.52,30.00,103
124.441,28.52,30.00,103
124.710,28.52,30.00,103
124.980,28.52,30.00,103
125.249,28.52,30.00,103
125.518,28.52,30.00,103
125.788,28.52,30.00,103
126.057,28.52,30.00,103
126.327,28.52,30.00,103
126.597,28.52,30.00,103
126.865,28.52,30.00,103
127.134,28.80,30.00,84
127.404,28.80,30.00,84
127.673,28.52,30.00,103
127.943,28.61,30.00,96
128.212,28.52,30.00,103
128.482,28.61,30.00,96
128.751,28.61,30.00,96
129.019,28.61,30.00,96
129.289,28.52,30.00,103
129.559,28.61,30.00,96
129.828,28.61,30.00,96
130.098,28.61,30.00,96
130.367,28.61,30.00,96
130.635,28.61,30.00,96
130.905,28.61,30.00,96
131.174,28.61,30.00,96
131.444,28.61,30.00,96
131.714,28.61,30.00,96
131.983,28.61,30.00,96
132.252,28.71,30.00,90
132.521,28.61,30.00,96
132.791,28.61,30.00,96
133.060,28.61,30.00,96
133.329,28.71,30.00,90
133.599,28.71,30.00,90
133.868,28.71,30.00,90
134.136,28.71,30.00,90
134.407,28.71,30.00,90
134.676,28.71,30.00,90
134.945,28.71,30.00,90
135.215,28.71,30.00,90
135.484,28.71,30.00,90
135.753,28.71,30.00,90
136.023,28.71,30.00,90
136.292,28.71,30.00,90
136.561,28.71,30.00,90
136.830,28.80,30.00,84
137.100,28.71,30.00,90
137.369,28.80,30.00,84
137.638,28.98,30.00,71
137.908,28.71,30.00,90
138.177,28.71,30.00,90
138.446,28.71,30.00,90
138.716,28.80,30.00,84
138.985,28.80,30.00,84
139.254,28.80,30.00,84
139.524,28.80,30.00,84
139.793,28.80,30.00,84
140.062,28.89,30.00,77
140.332,28.89,30.00,77
140.601,28.80,30.00,84
140.870,28.89,30.00,77
141.139,28.80,30.00,84
141.409,28.80,30.00,84
141.678,28.80,30.00,84
141.947,28.80,30.00,84
142.217,28.80,30.00,84
142.486,28.89,30.00,77
142.755,28.89,30.00,77
143.025,28.89,30.00,77
143.294,28.89,30.00,77
143.563,28.80,30.00,84
143.833,28.89,30.00,77
144.102,28.89,30.00,77
144.371,28.89,30.00,77
144.641,28.89,30.00,77
144.910,28.89,30.00,77
145.179,28.89,30.00,77
145.448,28.89,30.00,77
145.718,28.89,30.00,77
145.987,28.89,30.00,77
146.256,28.89,30.00,77
146.526,28.89,30.00,77
146.795,28.89,30.00,77
147.064,28.89,30.00,77
147.334,28.89,30.00,77
147.603,28.98,30.00,71
147.872,28.98,30.00,71
148.142,28.98,30.00,71
148.411,28.89,30.00,77
148.680,28.98,30.00,71
148.950,28.89,30.00,77
149.219,28.98,30.00,71
149.488,28.98,30.00,71
149.757,28.98,30.00,71
150.027,28.98,30.00,71
150.296,28.98,30.00,71
150.565,28.98,30.00,71
150.835,28.98,30.00,71
151.104,28.98,30.00,71
151.373,28.98,30.00,71
151.643,28.98,30.00,71
151.912,28.98,30.00,71
152.181,28.98,30.00,71
152.451,28.98,30.00,71
152.720,28.98,30.00,71
152.989,29.07,30.00,65
153.259,29.16,30.00,58
153.528,29.07,30.00,65
153.797,29.07,30.00,65
154.066,29.07,30.00,65
154.336,28.98,30.00,71
154.605,29.07,30.00,65
154.874,29.07,30.00,65
155.144,29.16,30.00,58
155.413,29.07,30.00,65
155.682,29.07,30.00,65
155.952,29.16,30.00,58
156.221,29.07,30.00,65
156.490,29.07,30.00,65
156.760,29.34,30.00,45
157.029,29.16,30.00,58
157.298,29.07,30.00,65
157.568,28.89,30.00,77
157.837,29.16,30.00,58
158.106,29.16,30.00,58
158.375,29.16,30.00,58
158.645,29.16,30.00,58
158.914,29.16,30.00,58
159.183,29.16,30.00,58
159.453,29.07,30.00,65
159.723,29.16,30.00,58
159.992,29.16,30.00,58
160.262,29.16,30.00,58
160.531,29.16,30.00,58
160.800,29.16,30.00,58
161.070,29.16,30.00,58
161.339,29.16,30.00,58
161.608,29.16,30.00,58
161.878,29.25,30.00,52
162.147,29.16,30.00,58
162.416,29.16,30.00,58
162.685,29.16,30.00,58
162.955,29.16,30.00,58
163.224,29.25,30.00,52
163.493,29.34,30.00,45
163.763,29.25,30.00,52
164.032,29.16,30.00,58
164.301,29.43,30.00,39
164.571,28.98,30.00,71
164.840,29.16,30.00,58
165.109,29.25,30.00,52
165.379,29.25,30.00,52
165.648,29.25,30.00,52
165.917,29.25,30.00,52
166.187,29.25,30.00,52
166.456,29.25,30.00,52
166.725,29.25,30.00,52
166.994,29.25,30.00,52
167.264,29.25,30.00,52
167.533,29.25,30.00,52
167.802,29.25,30.00,52
168.072,29.25,30.00,52
168.341,29.25,30.00,52
168.610,29.34,30.00,45
168.880,29.25,30.00,52
169.149,29.34,30.00,45
169.418,29.34,30.00,45
169.688,29.34,30.00,45
169.957,29.34,30.00,45
170.226,29.34,30.00,45
170.496,29.34,30.00,45
170.765,29.34,30.00,45
171.034,29.34,30.00,45
171.303,29.34,30.00,45
171.573,29.34,30.00,45
171.842,29.34,30.00,45
172.111,29.34,30.00,45
172.381,29.34,30.00,45
172.650,29.34,30.00,45
172.919,29.34,30.00,45
173.189,29.43,30.00,39
173.458,29.43,30.00,39
173.727,29.34,30.00,45
173.997,29.34,30.00,45
174.267,29.34,30.00,45
174.535,29.43,30.00,39
174.804,29.43,30.00,39
175.074,29.43,30.00,39
175.343,29.43,30.00,39
175.612,29.43,30.00,39
175.883,29.43,30.00,39
176.152,29.43,30.00,39
176.420,29.43,30.00,39
176.690,29.43,30.00,39
176.959,29.43,30.00,39
177.229,29.43,30.00,39
177.499,29.53,30.00,33
177.768,29.43,30.00,39
178.036,29.43,30.00,39
178.306,29.53,30.00,33
178.575,29.34,30.00,45
178.845,29.53,30.00,33
179.115,29.25,30.00,52
179.384,29.53,30.00,33
179.653,29.53,30.00,33
179.922,29.53,30.00,33
180.192,29.53,30.00,33
180.461,29.53,30.00,33
180.730,29.53,30.00,33
181.000,29.53,30.00,33
181.269,29.53,30.00,33
181.538,29.53,30.00,33
181.808,29.53,30.00,33
182.077,29.53,30.00,33
182.346,29.53,30.00,33
182.616,29.53,30.00,33
182.885,29.53,30.00,33
183.154,29.53,30.00,33
183.424,29.53,30.00,33
183.693,29.53,30.00,33
183.962,29.53,30.00,33
184.231,29.53,30.00,33
184.501,29.53,30.00,33
184.770,29.62,30.00,26
185.039,29.62,30.00,26
185.309,29.62,30.00,26
185.579,29.53,30.00,33
185.848,29.62,30.00,26
186.118,29.62,30.00,26
186.387,29.53,30.00,33
186.656,29.62,30.00,26
186.926,29.62,30.00,26
187.195,29.53,30.00,33
187.464,29.62,30.00,26
187.734,29.62,30.00,26
188.003,29.62,30.00,26
188.272,29.62,30.00,26
188.541,29.62,30.00,26
188.811,29.62,30.00,26
189.080,29.62,30.00,26
189.349,29.62,30.00,26
189.619,29.71,30.00,20
189.888,29.62,30.00,26
190.157,29.62,30.00,26
190.427,29.62,30.00,26
190.696,29.71,30.00,20
190.965,29.71,30.00,20
191.235,29.71,30.00,20
191.504,29.71,30.00,20
191.773,29.71,30.00,20
192.043,29.71,30.00,20
192.312,29.62,30.00,26
192.582,29.71,30.00,20
192.850,29.71,30.00,20
193.120,29.71,30.00,20
193.389,29.71,30.00,20
193.659,29.71,30.00,20
193.929,29.71,30.00,20
194.198,29.71,30.00,20
194.467,29.71,30.00,20
194.737,29.80,30.00,13
195.006,29.71,30.00,20
195.275,29.71,30.00,20
195.545,29.89,30.00,7
195.814,29.71,30.00,20
196.083,29.71,30.00,20
196.353,29.80,30.00,13
196.622,29.80,30.00,13
196.891,29.71,30.00,20
197.160,29.71,30.00,20
197.430,29.71,30.00,20
197.699,29.80,30.00,13
197.968,29.80,30.00,13
198.238,29.80,30.00,13
198.507,29.80,30.00,13
198.776,29.80,30.00,13
199.046,29.80,30.00,13
199.315,29.80,30.00,13
199.584,29.80,30.00,13
199.854,29.80,30.00,13
200.123,29.80,30.00,13
200.392,29.80,30.00,13
200.662,29.80,30.00,13
200.931,29.80,30.00,13
201.200,29.80,30.00,13
201.469,29.80,30.00,13
201.739,29.80,30.00,13
202.008,29.80,30.00,13
202.277,29.80,30.00,13
202.547,29.89,30.00,7
202.816,29.80,30.00,13
203.085,29.89,30.00,7
203.355,29.89,30.00,7
203.624,29.89,30.00,7
203.893,29.80,30.00,13
204.163,29.89,30.00,7
204.432,29.80,30.00,13
204.701,29.89,30.00,7
204.971,29.89,30.00,7
205.240,29.89,30.00,7
205.509,29.89,30.00,7
205.778,29.89,30.00,7
206.048,29.89,30.00,7
206.317,29.89,30.00,7
206.586,29.89,30.00,7
206.856,29.89,30.00,7
207.125,29.89,30.00,7
207.394,29.89,30.00,7
207.664,29.89,30.00,7
207.933,29.89,30.00,7
208.202,29.99,30.00,1
208.471,29.89,30.00,7
208.740,29.89,30.00,7
209.010,29.89,30.00,7
209.280,29.89,30.00,7
209.548,29.99,30.00,1
209.817,29.99,30.00,1
210.086,29.99,30.00,1
210.356,29.99,30.00,1
210.625,29.99,30.00,1
210.894,29.89,30.00,7
211.164,29.99,30.00,1
211.433,29.99,30.00,1
211.702,29.99,30.00,1
211.972,29.99,30.00,1
212.241,29.99,30.00,1
212.510,29.99,30.00,1
212.780,29.99,30.00,1
213.049,29.99,30.00,1
213.318,29.99,30.00,1
213.587,29.99,30.00,1
213.857,29.99,30.00,1
214.126,29.99,30.00,1
214.395,29.99,30.00,1
214.665,29.99,30.00,1
214.934,29.99,30.00,1
215.203,29.99,30.00,1
215.473,29.99,30.00,1
215.742,29.99,30.00,1
216.011,29.99,30.00,1
216.281,29.99,30.00,1
216.550,29.99,30.00,1
216.819,30.08,30.00,0
217.089,30.08,30.00,0
217.358,30.08,30.00,0
217.627,29.99,30.00,1
217.896,30.08,30.00,0
218.166,30.08,30.00,0
218.434,30.08,30.00,0
218.703,30.08,30.00,0
218.973,30.08,30.00,0
219.242,30.08,30.00,0
219.512,30.08,30.00,0
219.782,30.08,30.00,0
220.051,30.08,30.00,0
220.319,30.08,30.00,0
220.589,30.08,30.00,0
220.858,30.08,30.00,0
221.127,30.08,30.00,0
221.398,30.08,30.00,0
221.666,30.08,30.00,0
221.935,30.17,30.00,0
222.204,30.08,30.00,0
222.474,30.08,30.00,0
222.743,30.08,30.00,0
223.012,30.08,30.00,0
223.282,30.08,30.00,0
223.551,30.08,30.00,0
223.820,30.17,30.00,0
224.090,30.08,30.00,0
224.359,30.08,30.00,0
224.628,30.08,30.00,0
224.898,30.17,30.00,0
225.167,30.17,30.00,0
225.436,30.17,30.00,0
225.705,30.17,30.00,0
225.975,30.08,30.00,0
226.244,30.17,30.00,0
226.513,30.17,30.00,0
226.782,30.17,30.00,0
227.051,30.17,30.00,0
227.320,30.17,30.00,0
227.590,30.17,30.00,0
227.859,30.17,30.00,0
228.128,30.17,30.00,0
228.398,30.17,30.00,0
228.667,30.63,30.00,0
228.936,30.17,30.00,0
229.206,30.17,30.00,0
229.475,30.26,30.00,0
229.744,30.17,30.00,0
230.013,30.26,30.00,0
230.283,30.26,30.00,0
230.552,30.17,30.00,0
230.821,30.17,30.00,0
231.091,30.17,30.00,0
231.360,30.17,30.00,0
231.629,30.26,30.00,0
231.899,30.26,30.00,0
232.168,30.17,30.00,0
232.437,30.17,30.00,0
232.707,30.17,30.00,0
232.976,30.26,30.00,0
233.245,30.26,30.00,0
233.515,30.26,30.00,0
233.784,30.26,30.00,0
234.053,30.26,30.00,0
234.322,30.17,30.00,0
234.592,30.26,30.00,0
234.861,30.26,30.00,0
235.130,30.26,30.00,0
235.400,30.26,30.00,0
235.669,30.26,30.00,0
235.938,30.26,30.00,0
236.208,30.26,30.00,0
236.477,30.26,30.00,0
236.745,30.26,30.00,0
237.015,30.26,30.00,0
237.284,30.26,30.00,0
237.553,30.26,30.00,0
237.824,30.26,30.00,0
238.092,30.26,30.00,0
238.361,30.35,30.00,0
238.630,30.26,30.00,0
238.900,30.26,30.00,0
239.169,30.26,30.00,0
239.438,30.26,30.00,0
239.708,30.26,30.00,0
239.977,30.35,30.00,0
240.246,30.26,30.00,0
240.516,30.26,30.00,0
240.785,30.26,30.00,0
241.054,30.26,30.00,0
241.324,30.35,30.00,0
241.593,30.35,30.00,0
241.862,30.35,30.00,0
242.131,30.26,30.00,0
242.401,30.35,30.00,0
242.670,30.26,30.00,0
242.939,30.35,30.00,0
243.209,30.35,30.00,0
243.478,30.35,30.00,0
243.747,30.35,30.00,0
244.017,30.35,30.00,0
244.285,30.35,30.00,0
244.554,30.35,30.00,0
244.824,30.35,30.00,0
245.092,30.35,30.00,0
245.361,30.45,30.00,0
245.630,30.35,30.00,0
245.900,30.35,30.00,0
246.168,30.35,30.00,0
246.437,30.35,30.00,0
246.707,30.35,30.00,0
246.975,30.35,30.00,0
247.244,30.35,30.00,0
247.514,30.35,30.00,0
247.782,30.35,30.00,0
248.051,30.35,30.00,0
248.321,30.35,30.00,0
248.590,30.35,30.00,0
248.858,30.35,30.00,0
249.127,30.35,30.00,0
249.397,30.35,30.00,0
249.666,30.35,30.00,0
249.934,30.35,30.00,0
250.204,30.35,30.00,0
250.473,30.35,30.00,0
250.742,30.45,30.00,0
251.011,30.45,30.00,0
251.280,30.35,30.00,0
251.549,30.35,30.00,0
251.819,30.35,30.00,0
252.087,30.45,30.00,0
252.356,30.45,30.00,0
252.625,30.45,30.00,0
252.895,30.45,30.00,0
253.164,30.35,30.00,0
253.432,30.35,30.00,0
253.702,30.35,30.00,0
253.971,30.45,30.00,0
254.240,30.45,30.00,0
254.509,30.45,30.00,0
254.778,30.45,30.00,0
255.047,30.45,30.00,0
255.316,30.35,30.00,0
255.586,30.45,30.00,0
255.854,30.45,30.00,0
256.123,30.54,30.00,0
256.393,30.45,30.00,0
256.662,30.45,30.00,0
256.930,30.45,30.00,0
257.200,30.35,30.00,0
257.469,30.45,30.00,0
257.737,30.45,30.00,0
258.007,30.45,30.00,0
258.276,30.45,30.00,0
258.545,30.45,30.00,0
258.814,30.45,30.00,0
259.083,30.45,30.00,0
259.352,30.45,30.00,0
259.621,30.45,30.00,0
259.891,30.45,30.00,0
260.160,30.45,30.00,0
260.429,30.45,30.00,0
260.698,30.45,30.00,0
260.967,30.45,30.00,0
261.236,30.45,30.00,0
261.506,30.45,30.00,0
261.774,30.45,30.00,0
262.043,30.45,30.00,0
262.312,30.45,30.00,0
262.582,30.45,30.00,0
262.851,30.45,30.00,0
263.119,30.45,30.00,0
263.389,30.54,30.00,0
263.658,30.45,30.00,0
263.927,30.45,30.00,0
264.196,30.45,30.00,0
264.465,30.45,30.00,0
264.734,30.45,30.00,0
265.004,30.54,30.00,0
265.272,30.54,30.00,0
265.541,30.45,30.00,0
265.810,30.45,30.00,0
266.080,30.45,30.00,0
266.349,30.45,30.00,0
266.618,30.54,30.00,0
266.887,30.54,30.00,0
267.156,30.54,30.00,0
267.425,30.54,30.00,0
267.695,30.54,30.00,0
267.963,30.45,30.00,0
268.232,30.54,30.00,0
268.502,30.54,30.00,0
268.771,30.54,30.00,0
269.040,30.54,30.00,0
269.308,30.54,30.00,0
269.578,30.54,30.00,0
269.847,30.35,30.00,0
270.115,30.54,30.00,0
270.385,30.54,30.00,0
270.654,30.54,30.00,0
270.923,30.54,30.00,0
271.193,30.54,30.00,0
271.462,30.54,30.00,0
271.730,30.54,30.00,0
272.000,30.54,30.00,0
272.269,30.54,30.00,0
272.538,30.54,30.00,0
272.807,30.54,30.00,0
273.076,30.54,30.00,0
273.345,30.45,30.00,0
273.614,30.54,30.00,0
273.884,30.54,30.00,0
274.152,30.54,30.00,0
274.421,30.54,30.00,0
274.691,30.54,30.00,0
274.960,30.54,30.00,0
275.229,30.54,30.00,0
275.497,30.54,30.00,0
275.767,30.54,30.00,0
276.036,30.63,30.00,0
276.305,30.54,30.00,0
276.575,30.54,30.00,0
276.843,30.54,30.00,0
277.112,30.63,30.00,0
277.382,30.54,30.00,0
277.651,30.54,30.00,0
277.919,30.63,30.00,0
278.189,30.54,30.00,0
278.458,30.54,30.00,0
278.727,30.54,30.00,0
278.996,30.54,30.00,0
279.265,30.54,30.00,0
279.534,30.54,30.00,0
279.803,30.63,30.00,0
280.073,30.54,30.00,0
280.342,30.54,30.00,0
280.610,30.54,30.00,0
280.880,30.54,30.00,0
281.149,30.54,30.00,0
281.418,30.54,30.00,0
281.687,30.63,30.00,0
281.956,30.54,30.00,0
282.225,30.63,30.00,0
282.494,30.54,30.00,0
282.764,30.54,30.00,0
283.032,30.63,30.00,0
283.301,30.54,30.00,0
283.571,30.63,30.00,0
283.840,30.63,30.00,0
284.109,30.63,30.00,0
284.379,30.35,30.00,0
284.647,30.54,30.00,0
284.916,30.63,30.00,0
285.186,30.63,30.00,0
285.455,30.54,30.00,0
285.723,30.63,30.00,0
285.992,30.63,30.00,0
286.262,30.54,30.00,0
286.531,30.63,30.00,0
286.799,30.63,30.00,0
287.069,30.63,30.00,0
287.338,30.45,30.00,0
287.607,30.63,30.00,0
287.877,30.63,30.00,0
288.145,30.63,30.00,0
288.414,30.63,30.00,0
288.684,30.63,30.00,0
288.953,30.63,30.00,0
289.221,30.63,30.00,0
289.490,30.63,30.00,0
289.760,30.63,30.00,0
290.029,30.63,30.00,0
290.298,30.63,30.00,0
290.567,30.63,30.00,0
290.836,30.63,30.00,0
291.105,30.63,30.00,0
291.375,30.63,30.00,0
291.644,30.63,30.00,0
291.913,30.63,30.00,0
292.182,30.63,30.00,0
292.451,30.63,30.00,0
292.720,30.63,30.00,0
292.989,30.63,30.00,0
293.259,30.63,30.00,0
293.527,30.63,30.00,0
293.796,30.63,30.00,0
294.066,30.63,30.00,0
294.335,30.63,30.00,0
294.603,30.63,30.00,0
294.873,30.63,30.00,0
295.142,30.63,30.00,0
295.411,30.63,30.00,0
295.681,30.63,30.00,0
295.949,30.63,30.00,0
296.218,30.63,30.00,0
296.487,30.63,30.00,0
296.757,30.63,30.00,0
297.025,30.63,30.00,0
297.294,30.63,30.00,0
297.564,30.63,30.00,0
297.833,30.72,30.00,0
298.101,30.63,30.00,0
298.371,30.63,30.00,0
298.640,30.63,30.00,0
298.909,30.63,30.00,0
299.179,30.63,30.00,0
299.447,30.63,30.00,0
299.716,30.63,30.00,0
299.985,30.63,30.00,0
300.255,30.63,30.00,0
300.524,30.63,30.00,0
300.792,30.63,30.00,0
301.062,30.63,30.00,0
301.331,30.72,30.00,0
301.600,30.63,30.00,0
301.870,30.63,30.00,0
302.139,30.63,30.00,0
302.407,30.54,30.00,0
302.676,30.63,30.00,0
302.946,30.63,30.00,0
303.214,30.72,30.00,0
303.483,30.63,30.00,0
303.753,30.63,30.00,0
304.022,30.72,30.00,0
304.291,30.63,30.00,0
304.561,30.63,30.00,0
304.829,30.72,30.00,0
305.098,30.72,30.00,0
305.368,30.63,30.00,0
305.637,30.63,30.00,0
305.905,30.72,30.00,0
306.174,30.63,30.00,0
306.444,30.63,30.00,0
306.713,30.72,30.00,0
306.982,30.63,30.00,0
307.251,30.63,30.00,0
307.520,30.63,30.00,0
307.789,30.63,30.00,0
308.059,30.63,30.00,0
308.327,30.72,30.00,0
308.596,30.72,30.00,0
308.866,30.72,30.00,0
309.135,30.63,30.00,0
309.404,30.63,30.00,0
309.673,30.63,30.00,0
309.942,30.72,30.00,0
310.211,30.72,30.00,0
310.480,30.72,30.00,0
310.750,30.72,30.00,0
311.019,30.63,30.00,0
311.287,30.63,30.00,0
311.557,30.63,30.00,0
311.826,30.72,30.00,0
312.095,30.72,30.00,0
312.364,30.72,30.00,0
312.633,30.63,30.00,0
312.902,30.72,30.00,0
313.171,30.82,30.00,0
313.441,30.72,30.00,0
313.710,30.72,30.00,0
313.978,30.72,30.00,0
314.248,30.72,30.00,0
314.517,30.63,30.00,0
314.786,30.72,30.00,0
315.055,30.63,30.00,0
315.324,30.72,30.00,0
315.593,30.63,30.00,0
315.863,30.72,30.00,0
316.132,30.72,30.00,0
316.401,30.63,30.00,0
316.669,30.72,30.00,0
316.939,30.63,30.00,0
317.208,30.72,30.00,0
317.476,30.72,30.00,0
317.746,30.72,30.00,0
318.015,30.72,30.00,0
318.284,30.72,30.00,0
318.554,30.63,30.00,0
318.823,30.72,30.00,0
319.091,30.72,30.00,0
319.361,30.72,30.00,0
319.630,30.72,30.00,0
319.899,30.72,30.00,0
320.168,30.72,30.00,0
320.438,30.63,30.00,0
320.706,30.63,30.00,0
320.975,30.72,30.00,0
321.245,30.72,30.00,0
321.514,30.72,30.00,0
321.783,30.72,30.00,0
322.052,30.72,30.00,0
322.321,30.63,30.00,0
322.590,30.72,30.00,0
322.860,30.72,30.00,0
323.128,30.72,30.00,0
323.397,30.72,30.00,0
323.666,30.72,30.00,0
323.936,30.63,30.00,0
324.205,30.72,30.00,0
324.473,30.72,30.00,0
324.743,30.72,30.00,0
325.012,30.72,30.00,0
325.281,30.72,30.00,0
325.551,30.72,30.00,0
325.820,30.72,30.00,0
326.089,30.72,30.00,0
326.358,30.72,30.00,0
326.627,30.72,30.00,0
326.896,30.72,30.00,0
327.165,30.72,30.00,0
327.434,30.72,30.00,0
327.703,30.63,30.00,0
327.972,30.72,30.00,0
328.242,30.72,30.00,0
328.510,30.72,30.00,0
328.779,30.72,30.00,0
329.049,30.72,30.00,0
329.318,30.72,30.00,0
329.587,30.63,30.00,0
329.856,30.72,30.00,0
330.125,30.72,30.00,0
330.394,30.72,30.00,0
330.663,30.72,30.00,0
330.933,30.72,30.00,0
331.201,30.72,30.00,0
331.470,30.63,30.00,0
331.740,30.72,30.00,0
332.009,30.72,30.00,0
332.277,30.72,30.00,0
332.547,30.72,30.00,0
332.816,30.72,30.00,0
333.085,30.72,30.00,0
333.355,30.72,30.00,0
333.624,30.72,30.00,0
333.893,30.72,30.00,0
334.162,30.72,30.00,0
334.432,30.72,30.00,0
334.701,30.72,30.00,0
334.970,30.72,30.00,0
335.240,30.72,30.00,0
335.509,30.72,30.00,0
335.778,30.72,30.00,0
336.048,30.72,30.00,0
336.316,30.72,30.00,0
336.585,30.72,30.00,0
336.855,30.72,30.00,0
337.124,30.72,30.00,0
337.392,30.72,30.00,0
337.661,30.72,30.00,0
337.931,30.72,30.00,0
338.200,30.72,30.00,0
338.469,30.72,30.00,0
338.738,30.72,30.00,0
339.007,30.72,30.00,0
339.276,30.72,30.00,0
339.546,30.72,30.00,0
339.814,30.72,30.00,0
340.083,30.72,30.00,0
340.353,30.72,30.00,0
340.622,30.72,30.00,0
340.891,30.72,30.00,0
341.160,30.72,30.00,0
341.429,30.72,30.00,0
341.698,30.72,30.00,0
341.967,30.72,30.00,0
342.237,30.72,30.00,0
342.506,30.72,30.00,0
342.775,30.72,30.00,0
343.045,30.72,30.00,0
343.314,30.72,30.00,0
343.583,30.72,30.00,0
343.853,30.72,30.00,0
344.122,30.72,30.00,0
344.391,30.72,30.00,0
344.660,30.72,30.00,0
344.930,30.72,30.00,0
345.199,30.63,30.00,0
345.468,30.72,30.00,0
345.738,30.72,30.00,0
346.007,30.63,30.00,0
346.276,30.72,30.00,0
346.546,30.72,30.00,0
346.815,30.72,30.00,0
347.084,30.72,30.00,0
347.354,30.72,30.00,0
347.623,30.72,30.00,0
347.892,30.72,30.00,0
348.162,30.72,30.00,0
348.431,30.72,30.00,0
348.699,30.72,30.00,0
348.968,30.72,30.00,0
349.238,30.72,30.00,0
349.508,30.72,30.00,0
349.777,30.72,30.00,0
350.046,30.72,30.00,0
350.315,30.72,30.00,0
350.584,30.72,30.00,0
350.854,30.72,30.00,0
351.123,30.72,30.00,0
351.392,30.72,30.00,0
351.662,30.72,30.00,0
351.931,30.72,30.00,0
352.200,30.72,30.00,0
352.470,30.72,30.00,0
352.739,30.72,30.00,0
353.008,30.72,30.00,0
353.277,30.72,30.00,0
353.547,30.72,30.00,0
353.816,30.72,30.00,0
354.085,30.72,30.00,0
354.355,30.72,30.00,0
354.624,30.72,30.00,0
354.893,30.72,30.00,0
355.162,30.72,30.00,0
355.431,30.72,30.00,0
355.700,30.82,30.00,0
355.970,30.72,30.00,0
356.239,30.72,30.00,0
356.508,30.63,30.00,0
356.777,30.72,30.00,0
357.047,30.72,30.00,0
357.316,30.45,30.00,0
357.585,30.72,30.00,0
357.855,30.72,30.00,0
358.124,30.72,30.00,0
358.393,30.72,30.00,0
358.663,30.72,30.00,0
358.932,30.72,30.00,0
359.201,30.72,30.00,0
359.471,30.72,30.00,0
359.740,30.72,30.00,0
360.009,30.72,30.00,0
360.279,30.72,30.00,0
360.548,30.72,30.00,0
360.816,30.72,30.00,0
361.085,30.72,30.00,0
361.355,30.72,30.00,0
361.624,30.63,30.00,0
361.894,30.72,30.00,0
362.163,30.72,30.00,0
362.432,30.72,30.00,0
362.701,30.72,30.00,0
362.971,30.72,30.00,0
363.240,30.72,30.00,0
363.509,30.72,30.00,0
363.779,30.72,30.00,0
364.048,30.72,30.00,0
364.317,30.72,30.00,0
364.587,30.72,30.00,0
364.856,30.72,30.00,0
365.125,30.63,30.00,0
365.394,30.45,30.00,0
365.663,30.72,30.00,0
365.932,30.72,30.00,0
366.201,30.72,30.00,0
366.471,30.72,30.00,0
366.740,30.72,30.00,0
367.009,30.63,30.00,0
367.279,30.72,30.00,0
367.548,30.72,30.00,0
367.817,30.72,30.00,0
368.087,30.72,30.00,0
368.356,30.72,30.00,0
368.625,30.63,30.00,0
368.894,30.72,30.00,0
369.163,30.72,30.00,0
369.432,30.72,30.00,0
369.701,30.72,30.00,0
369.971,30.72,30.00,0
370.240,30.72,30.00,0
370.509,30.63,30.00,0
370.779,30.72,30.00,0
371.048,30.72,30.00,0
371.317,30.72,30.00,0
371.587,30.72,30.00,0
371.856,30.72,30.00,0
372.125,30.63,30.00,0
372.395,30.72,30.00,0
372.664,30.72,30.00,0
372.933,30.72,30.00,0
373.201,30.72,30.00,0
373.471,30.72,30.00,0
373.740,30.72,30.00,0
374.009,30.63,30.00,0
374.279,30.72,30.00,0
374.548,30.72,30.00,0
374.817,30.72,30.00,0
375.087,30.72,30.00,0
375.356,30.63,30.00,0
375.625,30.63,30.00,0
375.895,30.63,30.00,0
376.164,30.72,30.00,0
376.433,30.72,30.00,0
376.702,30.72,30.00,0
376.972,30.72,30.00,0
377.241,30.72,30.00,0
377.510,30.63,30.00,0
377.780,30.72,30.00,0
378.049,30.72,30.00,0
378.318,30.72,30.00,0
378.588,30.72,30.00,0
378.857,30.72,30.00,0
379.126,30.63,30.00,0
379.396,30.72,30.00,0
379.665,30.72,30.00,0
379.934,30.72,30.00,0
380.204,30.72,30.00,0
380.473,30.72,30.00,0
380.742,30.72,30.00,0
381.011,30.63,30.00,0
381.281,30.72,30.00,0
381.550,30.72,30.00,0
381.818,30.72,30.00,0
382.088,30.72,30.00,0
382.357,30.72,30.00,0
382.626,30.91,30.00,0
382.896,30.63,30.00,0
383.166,30.72,30.00,0
383.434,30.72,30.00,0
383.704,30.72,30.00,0
383.973,30.63,30.00,0
384.242,30.72,30.00,0
384.512,30.63,30.00,0
384.781,30.72,30.00,0
385.050,30.72,30.00,0
385.319,30.72,30.00,0
385.589,30.72,30.00,0
385.857,30.72,30.00,0
386.127,30.63,30.00,0
386.397,30.63,30.00,0
386.666,30.72,30.00,0
386.934,30.72,30.00,0
387.204,30.72,30.00,0
387.473,30.72,30.00,0
387.742,30.63,30.00,0
388.012,30.63,30.00,0
388.281,30.72,30.00,0
388.550,30.72,30.00,0
388.819,30.72,30.00,0
389.089,30.72,30.00,0
389.358,30.63,30.00,0
389.627,30.63,30.00,0
389.897,30.63,30.00,0
390.166,30.63,30.00,0
390.435,30.72,30.00,0
390.705,30.72,30.00,0
390.974,30.72,30.00,0
391.243,30.63,30.00,0
391.513,30.63,30.00,0
391.782,30.63,30.00,0
392.051,30.63,30.00,0
392.321,30.72,30.00,0
392.590,30.72,30.00,0
392.859,30.63,30.00,0
393.128,30.63,30.00,0
393.398,30.63,30.00,0
393.667,30.63,30.00,0
393.936,30.72,30.00,0
394.206,30.72,30.00,0
394.475,30.63,30.00,0
394.744,30.63,30.00,0
395.014,30.63,30.00,0
395.283,30.63,30.00,0
395.552,30.63,30.00,0
395.822,30.63,30.00,0
396.090,30.72,30.00,0
396.359,30.63,30.00,0
396.628,30.63,30.00,0
396.898,30.82,30.00,0
397.168,30.63,30.00,0
397.437,30.63,30.00,0
397.707,30.72,30.00,0
397.976,30.63,30.00,0
398.245,30.63,30.00,0
398.515,30.63,30.00,0
398.784,30.63,30.00,0
399.053,30.72,30.00,0
399.323,30.72,30.00,0
399.592,30.63,30.00,0
399.860,30.63,30.00,0
400.130,30.63,30.00,0
400.400,30.63,30.00,0
400.669,30.63,30.00,0
400.937,30.63,30.00,0
401.207,30.72,30.00,0
401.476,30.63,30.00,0
401.745,30.63,30.00,0
402.015,30.63,30.00,0
402.284,30.63,30.00,0
402.554,30.63,30.00,0
402.823,30.63,30.00,0
403.092,30.63,30.00,0
403.361,30.63,30.00,0
403.631,30.63,30.00,0
403.900,30.63,30.00,0
404.170,30.63,30.00,0
404.439,30.63,30.00,0
404.708,30.63,30.00,0
404.977,30.63,30.00,0
405.246,30.63,30.00,0
405.516,30.82,30.00,0
405.785,30.63,30.00,0
406.054,30.63,30.00,0
406.324,30.72,30.00,0
406.593,30.63,30.00,0
406.862,30.63,30.00,0
407.132,30.63,30.00,0
407.401,30.63,30.00,0
407.670,30.63,30.00,0
407.940,30.72,30.00,0
408.209,30.63,30.00,0
408.478,30.63,30.00,0
408.748,30.63,30.00,0
409.017,30.63,30.00,0
409.286,30.63,30.00,0
409.555,30.63,30.00,0
409.825,30.63,30.00,0
410.094,30.63,30.00,0
410.363,30.63,30.00,0
410.633,30.63,30.00,0
410.902,30.63,30.00,0
411.171,30.63,30.00,0
411.440,30.63,30.00,0
411.709,30.63,30.00,0
411.978,30.63,30.00,0
412.249,30.63,30.00,0
412.518,30.63,30.00,0
412.787,30.63,30.00,0
413.056,30.63,30.00,0
413.325,30.63,30.00,0
413.594,30.63,30.00,0
413.863,30.63,30.00,0
414.133,30.63,30.00,0
414.402,30.63,30.00,0
414.671,30.63,30.00,0
414.941,30.63,30.00,0
415.210,30.63,30.00,0
415.479,30.63,30.00,0
415.749,30.63,30.00,0
416.018,30.63,30.00,0
416.287,30.63,30.00,0
416.557,30.63,30.00,0
416.826,30.63,30.00,0
417.095,30.63,30.00,0
417.364,30.63,30.00,0
417.634,30.63,30.00,0
417.903,30.63,30.00,0
418.172,30.63,30.00,0
418.442,30.63,30.00,0
418.711,30.63,30.00,0
418.980,30.54,30.00,0
419.249,30.63,30.00,0
419.518,30.63,30.00,0
419.787,30.63,30.00,0
420.057,30.63,30.00,0
420.326,30.54,30.00,0
420.595,30.63,30.00,0
420.865,30.63,30.00,0
421.134,30.63,30.00,0
421.402,30.63,30.00,0
421.671,30.63,30.00,0
421.941,30.54,30.00,0
422.210,30.63,30.00,0
422.479,30.63,30.00,0
422.749,30.63,30.00,0
423.018,30.63,30.00,0
423.287,30.63,30.00,0
423.557,30.63,30.00,0
423.826,30.63,30.00,0
424.095,30.63,30.00,0
424.364,30.63,30.00,0
424.633,30.63,30.00,0
424.902,30.63,30.00,0
425.171,30.63,30.00,0
425.441,30.63,30.00,0
425.710,30.63,30.00,0
425.979,30.63,30.00,0
426.249,30.63,30.00,0
426.518,30.54,30.00,0
426.787,30.54,30.00,0
427.057,30.63,30.00,0
427.326,30.63,30.00,0
427.594,30.63,30.00,0
427.864,30.63,30.00,0
428.133,30.63,30.00,0
428.402,30.54,30.00,0
428.672,30.54,30.00,0
428.940,30.63,30.00,0
429.209,30.63,30.00,0
429.478,30.63,30.00,0
429.748,30.63,30.00,0
430.017,30.63,30.00,0
430.286,30.54,30.00,0
430.556,30.63,30.00,0
430.825,30.63,30.00,0
431.093,30.63,30.00,0
431.363,30.63,30.00,0
431.632,30.63,30.00,0
431.901,30.54,30.00,0
432.171,30.54,30.00,0
432.440,30.63,30.00,0
432.709,30.54,30.00,0
432.978,30.63,30.00,0
433.248,30.54,30.00,0
433.517,30.54,30.00,0
433.786,30.54,30.00,0
434.055,30.54,30.00,0
434.324,30.54,30.00,0
434.593,30.63,30.00,0
434.863,30.54,30.00,0
435.132,30.63,30.00,0
435.401,30.54,30.00,0
435.671,30.72,30.00,0
435.940,30.54,30.00,0
436.209,30.54,30.00,0
436.478,30.63,30.00,0
436.748,30.54,30.00,0
437.017,30.54,30.00,0
437.286,30.54,30.00,0
437.556,30.54,30.00,0
437.825,30.54,30.00,0
438.093,30.63,30.00,0
438.363,30.54,30.00,0
438.632,30.54,30.00,0
438.901,30.54,30.00,0
439.172,30.54,30.00,0
439.441,30.54,30.00,0
439.710,30.63,30.00,0
439.979,30.54,30.00,0
440.249,30.54,30.00,0
440.518,30.54,30.00,0
440.787,30.54,30.00,0
441.057,30.54,30.00,0
441.326,30.63,30.00,0
441.595,30.54,30.00,0
441.865,30.54,30.00,0
442.134,30.54,30.00,0
442.403,30.54,30.00,0
442.673,30.54,30.00,0
442.942,30.63,30.00,0
443.211,30.54,30.00,0
443.480,30.54,30.00,0
443.750,30.54,30.00,0
444.019,30.54,30.00,0
444.289,30.54,30.00,0
444.558,30.54,30.00,0
444.826,30.54,30.00,0
445.095,30.54,30.00,0
445.365,30.54,30.00,0
445.634,30.54,30.00,0
445.904,30.54,30.00,0
446.173,30.54,30.00,0
446.442,30.72,30.00,0
446.711,30.54,30.00,0
446.981,30.54,30.00,0
447.250,30.45,30.00,0
447.519,30.54,30.00,0
447.789,30.54,30.00,0
448.058,30.54,30.00,0
448.327,30.54,30.00,0
448.596,30.54,30.00,0
448.866,30.54,30.00,0
449.135,30.54,30.00,0
449.404,30.54,30.00,0
449.674,30.54,30.00,0
449.943,30.54,30.00,0
450.212,30.54,30.00,0
450.482,30.54,30.00,0
450.751,30.54,30.00,0
451.020,30.54,30.00,0
451.290,30.54,30.00,0
451.559,30.54,30.00,0
451.828,30.54,30.00,0
452.098,30.54,30.00,0
452.367,30.54,30.00,0
452.636,30.54,30.00,0
452.905,30.54,30.00,0
453.175,30.54,30.00,0
453.444,30.54,30.00,0
453.713,30.54,30.00,0
453.983,30.45,30.00,0
454.252,30.54,30.00,0
454.521,30.54,30.00,0
454.791,30.54,30.00,0
455.060,30.54,30.00,0
455.329,30.54,30.00,0
455.599,30.54,30.00,0
455.868,30.54,30.00,0
456.137,30.54,30.00,0
456.407,30.54,30.00,0
456.676,30.54,30.00,0
456.945,30.54,30.00,0
457.214,30.45,30.00,0
457.484,30.54,30.00,0
457.753,30.54,30.00,0
458.022,30.54,30.00,0
458.292,30.54,30.00,0
458.561,30.54,30.00,0
458.830,30.63,30.00,0
459.100,30.54,30.00,0
459.369,30.54,30.00,0
459.637,30.54,30.00,0
459.907,30.54,30.00,0
460.176,30.54,30.00,0
460.445,30.45,30.00,0
460.716,30.45,30.00,0
460.984,30.54,30.00,0
461.253,30.54,30.00,0
461.522,30.54,30.00,0
461.792,30.54,30.00,0
462.061,30.45,30.00,0
462.330,30.45,30.00,0
462.600,30.54,30.00,0
462.869,30.54,30.00,0
463.138,30.54,30.00,0
463.408,30.45,30.00,0
463.677,30.54,30.00,0
463.946,30.45,30.00,0
464.216,30.54,30.00,0
464.485,30.54,30.00,0
464.754,30.54,30.00,0
465.024,30.45,30.00,0
465.293,30.45,30.00,0
465.562,30.45,30.00,0
465.831,30.54,30.00,0
466.101,30.54,30.00,0
466.370,30.54,30.00,0
466.639,30.45,30.00,0
466.909,30.45,30.00,0
467.178,30.45,30.00,0
467.447,30.45,30.00,0
467.717,30.54,30.00,0
467.986,30.54,30.00,0
468.255,30.45,30.00,0
468.525,30.45,30.00,0
468.794,30.45,30.00,0
469.063,30.45,30.00,0
469.332,30.45,30.00,0
469.602,30.54,30.00,0
469.871,30.45,30.00,0
470.140,30.45,30.00,0
470.410,30.45,30.00,0
470.679,30.45,30.00,0
470.948,30.45,30.00,0
471.218,30.54,30.00,0
471.487,30.45,30.00,0
471.756,30.45,30.00,0
472.026,30.35,30.00,0
472.295,30.45,30.00,0
472.564,30.45,30.00,0
472.834,30.54,30.00,0
473.103,30.45,30.00,0
473.372,30.45,30.00,0
473.641,30.45,30.00,0
473.911,30.45,30.00,0
474.180,30.45,30.00,0
474.449,30.45,30.00,0
474.719,30.45,30.00,0
474.988,30.45,30.00,0
475.257,30.45,30.00,0
475.527,30.45,30.00,0
475.796,30.45,30.00,0
476.065,30.45,30.00,0
476.334,30.45,30.00,0
476.603,30.45,30.00,0
476.873,30.45,30.00,0
477.143,30.45,30.00,0
477.412,30.45,30.00,0
477.680,30.45,30.00,0
477.949,30.45,30.00,0
478.219,30.45,30.00,0
478.489,30.45,30.00,0
478.758,30.45,30.00,0
479.028,30.45,30.00,0
479.296,30.45,30.00,0
479.565,30.45,30.00,0
479.835,30.45,30.00,0
480.105,30.45,30.00,0
480.374,30.45,30.00,0
480.644,30.45,30.00,0
480.912,30.54,30.00,0
481.181,30.45,30.00,0
481.451,30.45,30.00,0
481.721,30.45,30.00,0
481.990,30.45,30.00,0
482.259,30.45,30.00,0
482.528,30.45,30.00,0
482.797,30.45,30.00,0
483.066,30.45,30.00,0
483.336,30.35,30.00,0
483.606,30.45,30.00,0
483.874,30.45,30.00,0
484.144,30.45,30.00,0
484.413,30.45,30.00,0
484.682,30.45,30.00,0
484.952,30.45,30.00,0
485.221,30.54,30.00,0
485.490,30.45,30.00,0
485.760,30.45,30.00,0
486.029,30.45,30.00,0
486.298,30.45,30.00,0
486.567,30.45,30.00,0
486.837,30.45,30.00,0
487.106,30.45,30.00,0
487.375,30.45,30.00,0
487.645,30.45,30.00,0
487.914,30.45,30.00,0
488.183,30.45,30.00,0
488.453,30.35,30.00,0
488.722,30.45,30.00,0
488.991,30.45,30.00,0
489.261,30.45,30.00,0
489.530,30.45,30.00,0
489.799,30.45,30.00,0
490.068,30.35,30.00,0
490.338,30.45,30.00,0
490.607,30.45,30.00,0
490.876,30.45,30.00,0
491.145,30.45,30.00,0
491.414,30.45,30.00,0
491.683,30.35,30.00,0
491.954,30.54,30.00,0
492.222,30.45,30.00,0
492.491,30.45,30.00,0
492.761,30.45,30.00,0
493.030,30.45,30.00,0
493.299,30.35,30.00,0
493.569,30.35,30.00,0
493.838,30.35,30.00,0
494.107,30.45,30.00,0
494.376,30.45,30.00,0
494.646,30.45,30.00,0
494.915,30.35,30.00,0
495.184,30.35,30.00,0
495.454,30.35,30.00,0
495.723,30.35,30.00,0
495.992,30.45,30.00,0
496.261,30.45,30.00,0
496.530,30.35,30.00,0
496.799,30.35,30.00,0
497.069,30.35,30.00,0
497.339,30.35,30.00,0
497.607,30.35,30.00,0
497.876,30.45,30.00,0
498.146,30.45,30.00,0
498.415,30.35,30.00,0
498.684,30.35,30.00,0
498.954,30.35,30.00,0
499.223,30.35,30.00,0
499.492,30.35,30.00,0
499.762,30.35,30.00,0
500.031,30.35,30.00,0
500.300,30.35,30.00,0
500.570,30.35,30.00,0
500.839,30.35,30.00,0
501.108,30.35,30.00,0
501.378,30.45,30.00,0
501.647,30.35,30.00,0
501.915,30.35,30.00,0
502.185,30.35,30.00,0
502.455,30.35,30.00,0
502.723,30.35,30.00,0
502.992,30.35,30.00,0
503.262,30.35,30.00,0
503.531,30.35,30.00,0
503.800,30.35,30.00,0
504.070,30.35,30.00,0
504.339,30.35,30.00,0
504.608,30.35,30.00,0
504.878,30.35,30.00,0
505.147,30.35,30.00,0
505.416,30.35,30.00,0
505.686,30.35,30.00,0
505.955,30.35,30.00,0
506.224,30.35,30.00,0
506.493,30.35,30.00,0
506.763,30.45,30.00,0
507.031,30.35,30.00,0
507.300,30.35,30.00,0
507.571,30.35,30.00,0
507.840,30.35,30.00,0
508.109,30.35,30.00,0
508.378,30.35,30.00,0
508.647,30.35,30.00,0
508.916,30.35,30.00,0
509.186,30.35,30.00,0
509.455,30.35,30.00,0
509.724,30.35,30.00,0
509.993,30.35,30.00,0
510.263,30.35,30.00,0
510.532,30.35,30.00,0
510.801,30.35,30.00,0
511.071,30.26,30.00,0
511.340,30.35,30.00,0
511.609,30.35,30.00,0
511.879,30.35,30.00,0
512.148,30.35,30.00,0
512.417,30.35,30.00,0
512.687,30.35,30.00,0
512.956,30.26,30.00,0
513.225,30.35,30.00,0
513.495,30.35,30.00,0
513.764,30.35,30.00,0
514.033,30.35,30.00,0
514.302,30.35,30.00,0
514.572,30.35,30.00,0
514.841,30.35,30.00,0
515.110,30.35,30.00,0
515.380,30.35,30.00,0
515.648,30.35,30.00,0
515.917,30.35,30.00,0
516.187,30.35,30.00,0
516.457,30.26,30.00,0
516.726,30.35,30.00,0
516.996,30.35,30.00,0
517.264,30.35,30.00,0
517.533,30.35,30.00,0
517.803,30.35,30.00,0
518.072,30.45,30.00,0
518.341,30.26,30.00,0
518.610,30.35,30.00,0
518.880,30.35,30.00,0
519.149,30.35,30.00,0
519.418,30.26,30.00,0
519.688,30.35,30.00,0
519.957,30.35,30.00,0
520.226,30.35,30.00,0
520.496,30.26,30.00,0
520.765,30.35,30.00,0
521.034,30.26,30.00,0
521.304,30.26,30.00,0
521.573,30.26,30.00,0
521.842,30.26,30.00,0
522.112,30.35,30.00,0
522.381,30.35,30.00,0
522.650,30.26,30.00,0
522.919,30.26,30.00,0
523.189,30.26,30.00,0
523.458,30.26,30.00,0
523.727,30.35,30.00,0
523.997,30.35,30.00,0
524.266,30.26,30.00,0
524.535,30.26,30.00,0
524.805,30.26,30.00,0
525.074,30.26,30.00,0
525.343,30.26,30.00,0
525.613,30.35,30.00,0
525.881,30.26,30.00,0
526.150,30.26,30.00,0
526.420,30.26,30.00,0
526.690,30.26,30.00,0
526.958,30.26,30.00,0
527.227,30.26,30.00,0
527.497,30.35,30.00,0
527.766,30.26,30.00,0
528.035,30.26,30.00,0
528.305,30.26,30.00,0
528.574,30.26,30.00,0
528.843,30.26,30.00,0
529.113,30.26,30.00,0
529.382,30.26,30.00,0
529.651,30.26,30.00,0
529.921,30.26,30.00,0
530.190,30.26,30.00,0
530.459,30.26,30.00,0
530.728,30.35,30.00,0
530.997,30.26,30.00,0
531.266,30.35,30.00,0
531.536,30.26,30.00,0
531.805,30.35,30.00,0
532.074,30.26,30.00,0
